    0.755493      0.58273   -0.0904023      0.86641
     0.82937     0.647205     -0.21674     0.978128
    0.764785     0.608668    -0.336795      0.80467
    0.841774     0.843188     -0.38146      1.07832
    0.757684     0.890758    -0.302318      1.32418
    0.876384      0.53576    -0.183394      0.71215
    0.534908     0.689192     0.292044     0.603275
     1.13394     0.369501    -0.264569     0.704327
    0.781865     0.816237    -0.254616     0.733921
    0.895948     0.824256    -0.341522      1.02367
    0.895948     0.824256    -0.341522      1.02367
    0.866749     0.778121    -0.124242     0.554248
    0.989628     0.562667    -0.252876     0.572192
    0.941623     0.782725    -0.257118     0.990172
    0.625609     0.603795     -0.16503     0.864752
    0.646472     0.446269      -0.3019     0.808563
    0.629576     0.590834    -0.182254     0.763045
     1.05542     0.487234    -0.199303     0.934349
     1.03596     0.779024   -0.0106744     0.784301
     1.03596     0.779024   -0.0106744     0.784301
    0.707247     0.442328     -0.11852     0.805991
       1.073     0.570129    -0.227966      1.01706
    0.897485     0.557116    -0.101225      1.15631
    0.774528     0.341966    -0.267177      0.92181
    0.774528     0.341966    -0.267177      0.92181
    0.607614     0.609494     -0.35222     0.745806
    0.904052     0.786429    -0.164487      1.08748
    0.933215     0.520958    -0.210584     0.897591
    0.933215     0.520958    -0.210584     0.897591
    0.779876      0.87381    -0.160677     0.683088
     1.08939     0.920465    -0.428712        1.163
     1.08939     0.920465    -0.428712        1.163
    0.797048     0.523046    -0.284462      1.03305
    0.797048     0.523046    -0.284462      1.03305
    0.864969     0.597515    -0.479106     0.668877
    0.531269     0.474142     -0.38904     0.890637
    0.541323     0.296168    -0.410626     0.797081
    0.759653     0.300893    -0.135581     0.779947
    0.746533     0.945481    0.0623943      1.22043
    0.928686     0.317974    -0.361175     0.990404
    0.928686     0.317974    -0.361175     0.990404
     0.98091     0.521715    -0.213886     0.829021
     1.04077     0.999787    -0.501415      1.02816
    0.644968     0.824233    0.0180083      1.14109
    0.754657      0.77977    -0.439018      1.04047
    0.746955     0.827659    -0.117139     0.944149
     1.19662     0.894948    -0.185466      1.31001
    0.930591     0.465892     -0.56378     0.996178
    0.930591     0.465892     -0.56378     0.996178
     1.24409     0.717517    -0.275636       1.3287
    0.811878      0.49147    -0.216564     0.898019
     0.58041     0.469218    -0.297385     0.733306
     0.58041     0.469218    -0.297385     0.733306
    0.960082     0.565568     -0.35921     0.965916
    0.689664     0.579849    -0.105288     0.742945
     0.91487     0.584795   -0.0806376      1.06474
     0.91487     0.584795   -0.0806376      1.06474
     0.61209     0.424088   -0.0626929     0.845404
    0.830471     0.898844   -0.0298313      1.40503
     1.01283     0.586946    -0.180177     0.946983
     1.01283     0.586946    -0.180177     0.946983
     1.01283     0.586946    -0.180177     0.946983
    0.444802     0.327604     0.124767      1.06564
    0.768846     0.589429    -0.195909     0.654121
    0.803753     0.476162    -0.261241     0.832583
    0.546433       0.5556    -0.134297     0.671133
    0.546433       0.5556    -0.134297     0.671133
    0.606474     0.483635    0.0425656     0.769016
    0.843453      0.63657    -0.321158      1.19687
    0.843453      0.63657    -0.321158      1.19687
    0.823761     0.859712    0.0847623     0.739374
    0.823761     0.859712    0.0847623     0.739374
    0.740805      0.76948   -0.0981202     0.601644
    0.747058      0.56854    -0.151017     0.752534
    0.963591     0.826116    -0.201136      1.03922
    0.954821     0.992904    -0.204502      1.02887
    0.954821     0.992904    -0.204502      1.02887
    0.627136     0.737972    -0.169999     0.732635
    0.824654     0.631116    -0.215242     0.844148
    0.952507     0.612645    -0.338818     0.839715
    0.617733     0.502129    0.0735389     0.639693
    0.617733     0.502129    0.0735389     0.639693
    0.721069     0.452656    -0.164125     0.705465
    0.904543     0.981072    -0.471368      1.08319
    0.824094     0.488564    -0.213579      1.06999
    0.975057     0.468715    -0.551428      0.99423
    0.879544     0.439809    -0.314873      1.08659
    0.847616      0.56246     -0.36544     0.830294
     1.10068     0.608937    0.0257739     0.723984
    0.689331     0.626613    -0.183523      1.10617
     1.09979     0.737798     0.030098      0.84658
     1.09979     0.737798     0.030098      0.84658
    0.680217     0.498551     0.194174     0.860725
    0.948023     0.599733    -0.265165     0.817364
    0.572778     0.593951    -0.137444      0.64259
    0.883727      1.02412   -0.0406993     0.868931
    0.883727      1.02412   -0.0406993     0.868931
    0.627195     0.935848     -0.37633     0.936265
    0.802898     0.316026    0.0835079     0.692717
    0.807968     0.888032    -0.183956      0.56008
    0.869079       0.8444    -0.202455     0.954087
    0.796841      0.61338    -0.152897     0.704735
    0.792449     0.765832    -0.176056     0.874592
    0.794707     0.626819    -0.180546     0.582774
    0.721039     0.797455    -0.284043     0.741247
    0.719354     0.477371    -0.147837     0.732487
    0.813847     0.995255    -0.242064     0.950281
    0.798618     0.557984   -0.0511765      0.75891
    0.901634      0.93607    -0.399974     0.882554
    0.901634      0.93607    -0.399974     0.882554
    0.757336     0.852267    -0.355491      1.03718
    0.899679     0.821963    -0.290735      1.06987
    0.874864     0.730911    -0.068699     0.934886
    0.768509      0.56912    -0.315662     0.912041
    0.736186     0.746716    -0.182949     0.625669
    0.666971     0.741925    -0.276531      1.05027
    0.802797     0.333527    -0.312646     0.930117
    0.802797     0.333527    -0.312646     0.930117
    0.514752     0.414297    0.0594948     0.847452
     0.82074     0.629994    -0.258333     0.963936
    0.804653     0.695513     -0.26495     0.909615
    0.819035     0.390611  -0.00547985     0.730042
    0.784635     0.726002    -0.295087     0.650685
    0.883777     0.627329    -0.152817     0.882018
    0.674264      0.36656    -0.176081     0.899029
    0.873735     0.479901    -0.277899     0.765263
    0.779226     0.617901    -0.319809     0.948599
     0.87004      1.02909    -0.184517      1.18929
    0.853463     0.584377    -0.399554     0.869329
    0.675773     0.923729    -0.361408     0.779569
    0.979254     0.807209    -0.346452       1.1889
    0.720466     0.987973    -0.413453     0.904203
    0.739948       0.4625    -0.183896     0.783845
    0.902083     0.858222    -0.134622      1.07484
    0.593489     0.491814    -0.250356      0.64725
    0.832755      0.98302      -0.6926      1.13955
    0.759477     0.786074    -0.417757     0.677778
     0.79513     0.592068    -0.074684      1.07179
    0.947594     0.581402    -0.158715     0.952336
    0.947594     0.581402    -0.158715     0.952336
    0.970801     0.788783    -0.113649     0.930771
     1.02845      1.23158    -0.411211      1.14246
    0.966543     0.880801    -0.131324      1.04259
    0.816598     0.985864    -0.109328     0.898074
    0.688204     0.813011    -0.198888     0.915657
    0.593004     0.731449    0.0246975      0.62336
    0.844983     0.740511   -0.0512349     0.841187
    0.844983     0.740511   -0.0512349     0.841187
    0.844983     0.740511   -0.0512349     0.841187
    0.771197     0.579064   -0.0560997     0.636452
    0.835026     0.775774    -0.356807     0.810158
    0.738469     0.505016    -0.471101      1.03294
    0.942964     0.856708    -0.106217     0.922998
    0.817396     0.572246    -0.190676     0.737244
     1.04483     0.832955    -0.146268     0.695154
    0.638708     0.665701    -0.125233     0.798662
    0.762844     0.683731    -0.153172     0.952714
     1.09422     0.712829    -0.112375     0.984564
    0.813523      0.97103    -0.188677     0.827912
     1.07183     0.973384    -0.202709     0.989217
     1.07183     0.973384    -0.202709     0.989217
     1.00797     0.816739    -0.122375      1.19895
    0.870355     0.539882   -0.0677483     0.885076
    0.870355     0.539882   -0.0677483     0.885076
    0.768843     0.744416    -0.373567     0.954026
    0.877312     0.614383   0.00705108     0.840841
    0.898872     0.741457    -0.353216     0.763527
    0.831477     0.510308    -0.052155     0.837154
    0.939602     0.841715    -0.406935      1.07453
    0.927154     0.825235    -0.194948     0.873025
    0.628836     0.792331    -0.107188      1.14112
    0.628836     0.792331    -0.107188      1.14112
    0.628836     0.792331    -0.107188      1.14112
     1.19257      0.68504    -0.263671      1.07851
    0.682746     0.607629    -0.625724     0.678919
     1.16853     0.823826    -0.533941      1.14261
    0.754468     0.884945    -0.342846     0.771399
    0.814314     0.986273    -0.250435     0.819335
    0.770796     0.476466    -0.317841     0.800375
     0.84901     0.773854    -0.144098     0.962477
    0.828812     0.838178    -0.306672     0.901341
    0.706036     0.520672     -0.14284      0.92713
    0.972482     0.500874    -0.184418      1.13497
    0.960195      1.01987    -0.344774      1.25618
    0.666578     0.444733    -0.179335     0.701885
    0.853576      1.01091    -0.168134     0.780544
    0.932627     0.578007    0.0345772     0.604839
    0.951902     0.761102    -0.186692      1.05638
    0.963135     0.585405    -0.480839      1.07789
     1.12786     0.621684    -0.364797      1.10774
    0.871787     0.466619    -0.302026     0.800513
     0.90035     0.966775    -0.360409      1.00954
    0.821717     0.665258    -0.334031      1.00369
    0.768679     0.693986    -0.185938      1.03201
     1.12718     0.519405    -0.242541     0.954039
     1.13277     0.629047    -0.353918      1.28477
     0.94839     0.938901    -0.239539      1.20879
    0.642771      0.61223    -0.369671     0.804416
     1.05045     0.970636   -0.0558421     0.780222
    0.552935     0.485193    -0.168618     0.778889
    0.738133     0.700142    -0.265627     0.754954
     1.00682     0.834854    -0.121363     0.905713
    0.830089     0.554367   -0.0920548      1.07502
     1.04227     0.475851    -0.317579     0.854907
     1.04227     0.475851    -0.317579     0.854907
    0.807523     0.580806   -0.0380936     0.765823
    0.809926      0.97861    -0.359898     0.889027
    0.829344     0.722197    -0.183071     0.923378
     1.08942     0.847441    -0.321586     0.944545
    0.833208     0.690082    0.0952197      1.01021
    0.850129     0.518128    -0.313171     0.879024
    0.648761     0.327574    -0.247269     0.986792
     0.81676     0.556124    -0.316996     0.982047
    0.835973     0.408838   -0.0875367     0.811959
    0.794728      0.75983   -0.0234267     0.827629
    0.848881     0.788152     0.101815     0.959589
     1.03642     0.936533   -0.0406585     0.628111
    0.930824     0.585161    -0.274529      1.05728
    0.963802      0.70865    -0.510935     0.815314
    0.690403     0.356266    -0.252145      1.01884
     0.62526      0.95837    -0.339727      1.09831
     0.62526      0.95837    -0.339727      1.09831
     1.24374     0.986864    -0.304945      1.15234
     1.24374     0.986864    -0.304945      1.15234
    0.975389      0.46281   -0.0829489      0.98774
    0.774312     0.443946    -0.125006     0.783365
    0.872238     0.647018    -0.428868      1.05082
    0.872238     0.647018    -0.428868      1.05082
    0.872238     0.647018    -0.428868      1.05082
    0.872238     0.647018    -0.428868      1.05082
    0.890083     0.731064   -0.0143368     0.697838
     1.02039     0.672473    -0.335135      1.03963
    0.808307     0.824558       -0.138      1.07133
     1.00117     0.728667   -0.0847338     0.735921
    0.961045     0.588415    -0.204783      0.90989
    0.838263     0.599469    -0.260415      1.08192
    0.597983     0.610594    -0.174393     0.643961
    0.691044     0.711314   -0.0473277     0.893674
    0.787519     0.527328     -0.36066     0.798612
    0.787519     0.527328     -0.36066     0.798612
    0.954489     0.658815    -0.417153     0.632624
    0.954489     0.658815    -0.417153     0.632624
     1.08957     0.785049     -0.49715      1.17239
     0.70348     0.673832      -0.2485      1.09242
    0.957633     0.516465     -0.45339     0.812891
    0.952329     0.619361    -0.164252     0.884673
    0.501824     0.351438    -0.304877     0.619944
     0.82101     0.678045    0.0638129     0.711205
    0.612419     0.878741    -0.295931     0.866351
     0.82852     0.597289    0.0427963     0.644299
    0.884307     0.945052    -0.206458      1.13043
    0.884307     0.945052    -0.206458      1.13043
    0.884307     0.945052    -0.206458      1.13043
    0.884307     0.945052    -0.206458      1.13043
    0.884307     0.945052    -0.206458      1.13043
    0.845977     0.644815    -0.277762     0.938701
    0.809073     0.545015    -0.139729     0.621503
    0.660113     0.732286     -0.27222      0.68851
    0.752402     0.585166    -0.177175     0.976057
     1.00692     0.775691    -0.180553      1.12626
    0.899618     0.776865    -0.455259      1.29907
    0.899618     0.776865    -0.455259      1.29907
     1.26529      0.86178     -0.50712      1.11966
    0.813333      0.56638    -0.568773     0.912354
    0.770126     0.702458    -0.269918     0.749298
    0.915135      0.72138    -0.440428      1.20544
     1.03063      0.85771    -0.371257      1.02561
     1.03063      0.85771    -0.371257      1.02561
     1.03063      0.85771    -0.371257      1.02561
     1.22186     0.857998   -0.0998282      1.16363
    0.866433     0.732503    -0.108549      1.18206
    0.861298     0.826462    -0.161634      0.91839
    0.666914     0.710637    -0.263454     0.864331
    0.972948     0.798029    0.0581822      0.77242
     0.92138     0.990434    -0.145785     0.717134
     0.92138     0.990434    -0.145785     0.717134
     0.92138     0.990434    -0.145785     0.717134
    0.888578     0.633957    -0.525065     0.901422
    0.942861     0.511104   -0.0916823     0.840532
     1.06568     0.868684   -0.0903673     0.688034
     1.01679     0.958074    -0.251354      0.85779
    0.853384     0.998129    -0.161338     0.790669
     0.87498     0.427666   -0.0471637     0.993535
    0.673616     0.541113    -0.188979     0.920042
     1.02195     0.704498    -0.136187     0.667657
     1.29918     0.919909    -0.303347       1.2132
    0.621952     0.350072    -0.174316     0.887672
     1.06074     0.709515    -0.485119     0.996475
     0.94744     0.598472    -0.412976     0.658633
      1.1912      0.83187    -0.393267     0.799994
    0.848957     0.568515   -0.0915339         0.74
    0.953256     0.507212    -0.310775      1.14481
    0.953256     0.507212    -0.310775      1.14481
    0.644087     0.709074    -0.262836     0.812626
    0.887569      0.71828   -0.0120546     0.848672
    0.583886     0.849181    -0.416997      1.02238
    0.583886     0.849181    -0.416997      1.02238
    0.989894      1.08214    -0.134024      1.07632
    0.883104     0.517847     -0.20712     0.908475
    0.708636     0.782444    -0.157795      0.75569
    0.722954     0.503344    -0.367718     0.464582
    0.774091     0.603273   -0.0956278     0.767703
    0.939448     0.829965    -0.220571      0.92413
    0.767492     0.650992    -0.275246     0.783087
    0.837241     0.661816    -0.303909     0.869895
     0.96506     0.530893    -0.021725     0.793854
    0.984031      0.41879    -0.259081     0.681847
    0.689843     0.856183    -0.129487     0.736908
    0.897434     0.793557    -0.369401      1.03454
    0.624785      0.40296    -0.309035      0.74112
    0.951641      0.39647 -0.000435506     0.654742
    0.911485     0.751124    -0.158098     0.900389
    0.743631     0.698917    -0.225349      1.05705
    0.984249     0.845213     -0.37631      1.07131
    0.984249     0.845213     -0.37631      1.07131
    0.984249     0.845213     -0.37631      1.07131
    0.776249     0.336753    -0.386526     0.850379
    0.938278     0.948124    -0.428209     0.712833
    0.740962      0.56235   -0.0289798     0.583541
     0.89127     0.738355     -0.13194     0.752606
    0.729071     0.673051    -0.270163      1.01244
    0.811621     0.523757    -0.351834      1.09345
    0.811621     0.523757    -0.351834      1.09345
    0.603446     0.807919    -0.308247     0.958809
    0.861523     0.679425    -0.225339      1.22968
    0.598908     0.559246    -0.253162     0.853879
    0.938918     0.665682    -0.394532     0.856195
     1.04371      1.10117    -0.115172      1.09481
    0.889196      0.53949    -0.349979       0.8489
    0.697178      0.39005    -0.140769     0.975219
     1.11962     0.784971    -0.243097     0.906071
    0.701628     0.407129    -0.190156     0.922461
    0.701628     0.407129    -0.190156     0.922461
    0.822652     0.776223    -0.254462      1.13348
    0.822652     0.776223    -0.254462      1.13348
    0.846053     0.683371    -0.204687      0.49397
    0.927431     0.611049    -0.366678     0.969656
    0.656722     0.591752    -0.358594     0.762127
    0.938325      1.00815    -0.310443      1.06827
     1.04096     0.990484    -0.432292      1.20324
     1.04096     0.990484    -0.432292      1.20324
    0.685536     0.704711    -0.220226      1.08344
    0.685536     0.704711    -0.220226      1.08344
    0.685536     0.704711    -0.220226      1.08344
     0.66084     0.777888    -0.427334     0.871488
    0.677438     0.830855     -0.10382       1.0607
    0.903617     0.492836    -0.192013     0.568873
     1.21004     0.718465    -0.295916      1.21906
    0.627079     0.617091    -0.114165     0.892857
    0.627079     0.617091    -0.114165     0.892857
    0.761535     0.470326    -0.179264      1.16888
    0.878419     0.527198    -0.282111     0.923806
    0.874305     0.548265    -0.237244     0.838571
    0.778951     0.493875    -0.367822     0.884146
    0.662411     0.653684    0.0676601      0.65459
     1.02162     0.469045     -0.15769     0.713427
    0.846758     0.724453    -0.324068      1.22742
    0.872359      1.08085    -0.237046      1.05743
    0.872359      1.08085    -0.237046      1.05743
    0.872359      1.08085    -0.237046      1.05743
    0.792682     0.754488    -0.279985     0.798717
    0.761113      0.94186     -0.36083     0.625545
    0.735849     0.520061    -0.145082     0.880184
    0.801908     0.579265    -0.333716     0.762789
    0.801908     0.579265    -0.333716     0.762789
    0.830274     0.514266    -0.231711     0.972304
    0.820566      0.78165    -0.126482     0.915524
     1.01588     0.758113    -0.219721     0.999746
    0.685028     0.577602     -0.26063     0.893986
    0.840816     0.909999    0.0542715     0.762215
    0.840816     0.909999    0.0542715     0.762215
      1.0105     0.767946    -0.431845      1.01807
      1.0105     0.767946    -0.431845      1.01807
      1.0105     0.767946    -0.431845      1.01807
    0.857389     0.444256   -0.0905055     0.699247
    0.710801     0.474147   -0.0551262      0.62021
    0.903488     0.610942    -0.301941     0.940608
    0.886737     0.777874    -0.314633     0.973395
     0.82045     0.938586    -0.329824      1.00624
     0.82045     0.938586    -0.329824      1.00624
    0.996735      0.73495    -0.266817     0.886574
    0.996735      0.73495    -0.266817     0.886574
     1.19465     0.802765    -0.303432      1.02324
    0.789919     0.750522   -0.0535147     0.847051
    0.884718     0.530199    -0.179794     0.831901
    0.819763     0.569157    0.0403354     0.557179
    0.733295     0.558891    -0.315161     0.738036
    0.836669     0.434087     -0.42789     0.907115
    0.790421     0.669423    -0.141113     0.773486
    0.795888      0.66359    -0.247973     0.782239
    0.795888      0.66359    -0.247973     0.782239
     1.03785     0.863299     -0.13735     0.833968
     1.14165      1.07868    -0.301016      1.15926
     0.88742      1.04971     -0.12078     0.991132
     0.82812     0.737205    -0.256206      1.06232
     1.12397      0.62819   -0.0638309      0.75359
     0.68091     0.593237    -0.185692     0.705703
     0.68091     0.593237    -0.185692     0.705703
    0.775439     0.499835   -0.0927052      1.05619
    0.905157     0.436313    0.0322309     0.790705
     1.04405      0.91054     -0.34503     0.978818
    0.698333     0.624751    -0.126561      0.95317
    0.929103     0.521421     -0.10285     0.956385
    0.884445     0.451711    -0.135978     0.773144
    0.883985     0.484175    -0.315625     0.999644
    0.765989     0.683898    -0.248537     0.900368
     1.13237     0.441124    -0.409491       1.1392
    0.832338     0.786179    -0.238511      1.05162
    0.732813      0.49564    -0.317369       0.6592
    0.774489     0.693112    -0.193012     0.787411
     1.11313      0.77521    -0.168473      1.03682
    0.859459     0.848231    -0.355894      1.03526
    0.775011     0.767048    -0.359658      0.56607
    0.796358     0.473887    0.0819958      1.14069
    0.786506     0.509377    -0.488627     0.682375
    0.967798     0.797552    -0.180217     0.895406
     0.80405     0.356011    0.0145127     0.634007
    0.665364     0.540426    -0.277316      1.01275
     0.65696     0.539168    -0.157183     0.984024
     0.65696     0.539168    -0.157183     0.984024
    0.864702      0.72312    -0.213391     0.900807
    0.492804     0.697719    -0.110403     0.955299
    0.854047     0.368695    -0.168603     0.879538
    0.604299     0.562021    -0.260866     0.944823
    0.816469     0.531642    -0.288894     0.929024
    0.947501     0.579543    -0.266165     0.913999
    0.962505      1.02018    -0.523769      1.13591
    0.880852     0.987205    -0.219622      1.29791
    0.880852     0.987205    -0.219622      1.29791
     0.81866     0.550285    -0.329173     0.787427
    0.943435     0.604006     0.124506     0.768026
    0.943435     0.604006     0.124506     0.768026
     1.15472     0.673847     0.121073     0.508576
    0.774303     0.868007    -0.168372      1.32821
    0.983123     0.430467      -0.2168     0.828212
    0.746403     0.388281    -0.397045     0.746837
     1.01327     0.602776    -0.135613     0.976295
    0.617357     0.573595    -0.245075     0.781092
    0.584242     0.838446    -0.443457      1.09444
    0.974976     0.886302    -0.433766     0.950622
    0.560826       0.5553    -0.501551      0.86718
    0.997967     0.565237    -0.307198     0.835953
    0.883486     0.713312    -0.271734       1.1681
    0.626786     0.628703    -0.368659      0.89337
    0.842342     0.581999    -0.449162      1.12002
    0.842342     0.581999    -0.449162      1.12002
     0.73942     0.588111   -0.0891614     0.757801
    0.632316     0.747393    -0.487645     0.939892
     0.88499      0.46325    -0.310068     0.902904
    0.856633     0.788634    -0.231632     0.767882
    0.967977     0.531289    -0.403847     0.530425
    0.779826     0.772878    -0.110326     0.807601
    0.414671     0.613538   -0.0488286     0.845044
    0.994143     0.602746     0.076167     0.850992
    0.790457     0.527589     0.024363     0.730376
    0.922989     0.685477    -0.198316     0.943691
    0.826991      0.45514    0.0643016     0.806574
     0.80892     0.958361    -0.432823     0.771952
    0.908964     0.529908     0.164631     0.955667
    0.812613     0.793478    -0.233695      0.99135
     1.03411     0.809803   -0.0711739     0.878248
    0.874539     0.777867     -0.24284     0.609384
    0.629819     0.568722    -0.194666     0.982926
     1.01931     0.458656    -0.376471     0.864825
    0.786838     0.840687     -0.19066     0.745627
     1.10173     0.531739    -0.141095      0.80207
     1.10173     0.531739    -0.141095      0.80207
     1.11054     0.650179    -0.210106     0.913802
    0.725436     0.651069    -0.283379       1.0105
    0.725436     0.651069    -0.283379       1.0105
    0.601148     0.455133    -0.238244     0.721193
    0.828258     0.892195    -0.307246     0.716956
    0.804362     0.549412    -0.277745     0.809918
    0.913395     0.488325    -0.311561      1.00143
    0.897216     0.638027    -0.247152      1.18713
    0.897216     0.638027    -0.247152      1.18713
    0.801016     0.643096    -0.420002     0.825643
    0.628769     0.580139    -0.382789     0.679261
    0.912902     0.453365    0.0385497     0.908412
    0.755339     0.828327    -0.100618     0.936913
    0.755339     0.828327    -0.100618     0.936913
     0.61472     0.880687    -0.223244      1.02264
     1.07635     0.882859    -0.371425     0.738813
    0.411478     0.656374    -0.232589     0.692504
    0.874963     0.841789    -0.416803       1.1629
    0.874963     0.841789    -0.416803       1.1629
    0.946187      0.66013     -0.22306      1.04459
    0.753068     0.646625    0.0230805      0.54343
    0.861946     0.740255    -0.373334      1.05621
    0.701429     0.597597    -0.195997      0.88006
     0.51568     0.530208    -0.307476     0.850996
    0.791575     0.736706    -0.240303     0.948502
    0.737159     0.644743   -0.0793533     0.669361
    0.739127     0.768681    -0.271295     0.704433
    0.840867     0.625846    -0.257613     0.829377
    0.840867     0.625846    -0.257613     0.829377
    0.722559     0.694503    -0.133966     0.811527
    0.649095      1.03304    -0.148442     0.581152
    0.884001       1.0271   -0.0990789     0.620757
    0.935693     0.471571    -0.564402       1.2387
      1.0082      1.27639    -0.199473      1.24831
    0.838941     0.623857   -0.0420805     0.776634
     1.03379     0.770482    -0.259779      1.06515
    0.934303      0.76218    -0.299939      1.06753
    0.687413     0.662833    -0.140601     0.742989
     1.05193     0.800882  -0.00112441      1.08618
     1.05193     0.800882  -0.00112441      1.08618
    0.892536     0.526412    -0.574386     0.872422
     0.84485     0.587199    -0.145615     0.840379
     1.11329     0.627048    -0.376237     0.996723
    0.962774     0.711328    -0.423633     0.876734
    0.962774     0.711328    -0.423633     0.876734
    0.730905     0.340909    -0.135318     0.967569
     1.01139     0.534536    -0.200995      1.09523
    0.789092     0.485285   -0.0677776     0.791293
    0.819385     0.954466    -0.122683      1.16009
    0.737526     0.969107    0.0560302     0.961971
    0.831647       0.8751    -0.128019     0.688421
    0.708756     0.529618   -0.0578341     0.681469
    0.762294      0.71724    -0.422148     0.859752
    0.585167     0.612422    -0.349718     0.966856
    0.550275     0.764758    -0.367044     0.675769
    0.839297     0.861927    -0.537248      1.17021
    0.562591     0.595443   -0.0219616     0.803673
    0.562591     0.595443   -0.0219616     0.803673
    0.654934     0.476869      0.08745     0.819617
     1.04843     0.498893   -0.0823377       0.9604
     1.04843     0.498893   -0.0823377       0.9604
     0.84139      0.79232    -0.204742     0.667586
      1.1502     0.763517    -0.332797     0.936567
    0.761412     0.849899   -0.0926575     0.813315
     1.12258     0.704932    -0.137643      1.03279
     1.12258     0.704932    -0.137643      1.03279
     1.01314      0.53487     -0.16695      1.05124
    0.532507     0.400483    -0.334976      1.02777
    0.830281     0.547218    -0.390063     0.862319
     1.04445      1.00401    -0.200575      1.04067
    0.652294     0.759746     -0.22403     0.508882
    0.840006      0.58932    -0.113969     0.941127
     0.85339     0.683427    -0.430445      1.01941
     1.07907     0.712186    -0.352786      1.07877
    0.781239     0.624315    -0.381919      0.93265
    0.781239     0.624315    -0.381919      0.93265
    0.859505     0.703928    -0.205865     0.961754
     1.05033     0.833123     0.272727      1.01738
    0.671759       0.7111    -0.296555     0.940597
    0.930977     0.708758    -0.129998     0.986015
    0.657551     0.683769   -0.0341522     0.666802
    0.732338     0.507978    -0.241054     0.781737
    0.732338     0.507978    -0.241054     0.781737
    0.847493      0.76921    0.0593833     0.675306
    0.806316     0.719061    -0.259855     0.968492
    0.851519      0.71983    -0.333864      0.93876
    0.937047     0.600605    -0.119322     0.587712
    0.897735     0.671908    -0.349744      1.01687
    0.914049     0.541878     0.259108     0.783644
    0.791633     0.801701    -0.430156     0.866385
    0.740222     0.302718    -0.304168     0.781523
    0.817013     0.783038     -0.42308     0.840973
    0.913571      0.69554    -0.323068      0.87926
    0.913571      0.69554    -0.323068      0.87926
    0.815916     0.850663     -0.20375      1.20098
    0.791247     0.578051    -0.140502     0.932894
    0.497073     0.795174    -0.352586     0.993198
    0.702142     0.355916    -0.308329     0.804738
    0.649829     0.952172   -0.0863447       0.8776
    0.649829     0.952172   -0.0863447       0.8776
    0.830246     0.774368    0.0345727       1.0184
     1.04975     0.637559    -0.236596      0.99348
    0.530018     0.629589   -0.0114832     0.593294
    0.930054      0.65722    -0.021405     0.786011
    0.654566     0.603206    -0.333956      1.03376
     0.89763     0.633831    0.0401478     0.746347
    0.711533     0.909843    0.0564534      1.00672
    0.722798     0.748747    -0.394623     0.777894
    0.722798     0.748747    -0.394623     0.777894
    0.932822      1.08943    -0.157827      0.67106
     0.46488     0.490746    -0.121769     0.902064
    0.779741     0.500793     -0.22957     0.960293
    0.644831     0.720291    -0.217094     0.713392
    0.685525     0.618738   -0.0405392     0.796642
    0.854947     0.448557    -0.081069     0.798488
    0.912466     0.804392    -0.345865     0.977939
    0.946755     0.702537    -0.259299     0.956175
    0.696854     0.750926   -0.0963772     0.801939
      1.0668     0.625145    -0.227106       1.1663
    0.663678     0.255445    -0.103871     0.653728
    0.819272     0.499479     -0.24185     0.843096
      1.0552       1.0174    -0.279388       1.1448
     1.17849     0.923621    -0.226632      1.02539
    0.775833     0.540147    -0.135681     0.636082
    0.865597     0.906005    -0.351397      1.00289
    0.740089     0.908444  -0.00763766      0.71174
    0.683803     0.496289    -0.190094     0.654854
    0.683803     0.496289    -0.190094     0.654854
     1.07216     0.754485    -0.084536     0.707485
    0.817738     0.997224   -0.0933386      1.10528
    0.817738     0.997224   -0.0933386      1.10528
    0.583356     0.561517    -0.414641      0.82712
    0.630046     0.368638   -0.0184282     0.946687
    0.989774     0.446143    -0.187637     0.975203
     1.15147     0.978696    -0.104455      1.21237
    0.682198     0.571107   -0.0710945     0.981224
     0.71088     0.476507    -0.249149     0.830537
     0.71088     0.476507    -0.249149     0.830537
    0.870479     0.658587    -0.188352     0.757412
    0.718966     0.550364    -0.172383      1.01289
    0.718966     0.550364    -0.172383      1.01289
    0.978125     0.385024    -0.291959     0.883092
    0.567896     0.435306    -0.457559     0.840334
    0.879999      0.62921     -0.36066     0.806697
     1.00556     0.826649    -0.345942      1.07392
    0.676187     0.736355  -0.00345842     0.684537
    0.880653     0.852295    -0.293178     0.743184
    0.720043      0.24501    -0.114591     0.898688
    0.745803     0.612739    -0.352569     0.865163
    0.836828     0.667482    -0.205046     0.986876
     0.90972     0.816432   -0.0336829     0.937667
    0.612552     0.639271    -0.180065     0.824713
    0.612552     0.639271    -0.180065     0.824713
    0.796965     0.744511     -0.12455      1.08667
    0.796965     0.744511     -0.12455      1.08667
     0.98166     0.572688   -0.0943865     0.958128
    0.741319     0.531924    -0.150403     0.910849
    0.941351     0.164829    -0.330456     0.823162
     0.73558     0.727087    -0.183644     0.907191
    0.640816      0.49315    -0.112163     0.860399
     1.24223      1.17134    -0.307971      1.02753
    0.799784     0.480396    -0.234725     0.873912
    0.703763     0.475833    -0.316307     0.688002
    0.786412     0.406812    -0.107687     0.629473
     0.83255     0.523864     0.143552     0.658485
    0.843313     0.873377     -0.19725     0.796255
    0.791202     0.671423    -0.343826      0.80287
    0.959242      1.18158    -0.402985      1.07613
    0.627182     0.343956   -0.0384862     0.633181
    0.850931     0.540898    -0.176975     0.856322
     0.94454     0.579521    -0.080988     0.865959
     0.94454     0.579521    -0.080988     0.865959
    0.695614     0.434694    -0.308771     0.628148
    0.979517     0.642938    -0.564183     0.939547
     0.73445       1.1809    0.0431115      1.11936
    0.758148     0.533188    -0.408416     0.529194
     1.11375     0.776638    -0.510841      1.12664
     1.08031     0.632458    -0.227631      1.09468
     1.08031     0.632458    -0.227631      1.09468
     1.07646     0.547304   -0.0429207      1.03473
    0.715376     0.511477   -0.0691613     0.645271
    0.715376     0.511477   -0.0691613     0.645271
    0.615567       0.4255  -0.00869441     0.793099
    0.615567       0.4255  -0.00869441     0.793099
    0.804965     0.394266    -0.135299     0.597874
    0.981996     0.733949    -0.119088      0.72287
    0.707233     0.744677    -0.451445     0.913101
     0.94958     0.274242    -0.363385     0.673909
    0.924486     0.783658    0.0383414     0.922057
    0.733929     0.708825    -0.240904      1.14031
    0.507079     0.914724    -0.235543     0.924487
    0.950292     0.780822    -0.452846      1.03255
    0.974745     0.623766    -0.191081     0.721312
    0.971412     0.772045    -0.142672     0.792608
    0.844422     0.555355    -0.268009     0.985461
    0.916579      1.04828    -0.137401      1.17642
    0.916579      1.04828    -0.137401      1.17642
    0.916579      1.04828    -0.137401      1.17642
    0.606805     0.530844     0.144328     0.779439
    0.921934      1.07015    -0.374262     0.803073
    0.844992     0.799684    -0.260506     0.851254
    0.870427     0.367065    -0.424522      1.25472
     0.84648     0.711836    -0.452313        1.112
    0.947132     0.647429    -0.147392      1.06048
    0.792958     0.724977    -0.180518     0.592524
     1.00525     0.728868    -0.233396     0.790897
    0.850208     0.357494    -0.169487     0.793134
    0.938352      1.17537    -0.271079      0.88159
      0.5757     0.459763   -0.0896509     0.695717
    0.862206     0.527749    -0.255464     0.699858
     0.60331     0.829284   -0.0473176     0.949421
     0.60331     0.829284   -0.0473176     0.949421
     0.60331     0.829284   -0.0473176     0.949421
    0.879778     0.711116     -0.16171      1.24537
     1.08734     0.928617    -0.151303     0.663055
     1.11259     0.398101     -0.20289      1.11059
    0.811397     0.453188    0.0198732     0.831639
    0.825437     0.492306   -0.0591471     0.531027
    0.942206     0.229223   0.00264358     0.784683
    0.683308      1.04066    -0.213661      1.09205
    0.753901     0.952527    -0.268307      0.76523
     1.03776     0.575541     -0.44392      1.02116
    0.820197     0.454954    -0.254258     0.877734
    0.849829      0.40507   -0.0360643     0.890177
    0.697257     0.656927     0.107552      1.01797
     1.05097       1.0283    -0.425343      1.20135
    0.773875     0.837808    -0.162108     0.853958
    0.880261     0.479032     -0.22643     0.808581
    0.847134      1.03078    -0.264446     0.948482
    0.590537     0.487639     -0.29027     0.951381
     1.02928     0.751265    -0.331407      1.21346
    0.756039     0.600573   -0.0959644     0.763701
    0.811742     0.707245   -0.0829627     0.798693
    0.937084     0.543182    -0.386524     0.767445
    0.495842     0.871378     -0.22215     0.769109
       0.488     0.296366      -0.1196     0.723441
       0.488     0.296366      -0.1196     0.723441
    0.968956     0.853978   -0.0903127      0.95552
    0.667223      0.44463   -0.0262902      0.75833
    0.882723     0.791106    -0.200118     0.900671
     1.10587     0.611323    -0.258606     0.740561
    0.745639     0.567672    -0.284383     0.627865
    0.958986     0.436539    -0.154772     0.765713
    0.958986     0.436539    -0.154772     0.765713
    0.900693     0.810053    -0.321191     0.837406
    0.978195     0.794423    -0.242832      0.92174
    0.718833     0.690013    -0.274698     0.849455
    0.917443     0.724856    -0.386281     0.844282
    0.994753     0.886334    -0.631882        1.358
    0.988007     0.753718     -0.55985      0.64305
    0.467533      0.27843    0.0864141     0.705296
    0.775441     0.897538    -0.266486      1.09446
    0.775441     0.897538    -0.266486      1.09446
     1.24795     0.995118    -0.344093      1.02037
    0.948537     0.567364    -0.563091     0.775444
    0.780355     0.716974    -0.102933     0.887061
     1.03497     0.678191    -0.268532     0.911654
     0.88585     0.552486     -0.30846     0.565568
    0.766913     0.755655    -0.243921     0.553459
    0.945233     0.723904    -0.309831      1.12912
    0.968406     0.733245    -0.311744     0.886738
    0.963882     0.292575    -0.142353     0.983599
    0.986725     0.626435    -0.245977     0.735036
    0.533142      0.51178    -0.155698      0.70655
    0.989369     0.614973    -0.407775     0.731302
    0.696542      1.06336    -0.204662      1.03205
    0.969257     0.826523    -0.374735     0.879618
     1.07237     0.662778    0.0774646      1.09366
    0.980889      1.03823    -0.246448       1.0112
    0.860118     0.767332    -0.226622     0.859226
    0.711421      0.46343    -0.104325     0.574333
    0.797695     0.709203   -0.0302893     0.632572
    0.916408     0.546163    -0.274072     0.832498
    0.837778     0.745248    -0.195159      1.23437
    0.575725     0.494706    -0.274177     0.980131
    0.737018     0.624669    -0.177992     0.803633
    0.946502     0.570545    -0.101624     0.607104
    0.595546     0.820544   -0.0331117      1.25986
    0.941777     0.730148   -0.0899439      0.58925
     0.82356     0.695335  -0.00236141     0.816472
     1.06659     0.945584    -0.227453      1.01471
    0.995843     0.707625    -0.154285     0.853633
    0.865363     0.423404    -0.154493     0.803404
     1.07883     0.773479    -0.298373      1.18727
    0.870101     0.531393    -0.100417     0.855634
    0.660916     0.511164    -0.285469     0.641892
    0.714969     0.487016    -0.295148     0.803327
    0.974714     0.529263    -0.279527     0.797361
    0.974714     0.529263    -0.279527     0.797361
    0.553612     0.801741    -0.197039      0.79049
    0.553612     0.801741    -0.197039      0.79049
     0.74104     0.834604    0.0592715     0.673479
    0.928614     0.564154    -0.320638       1.0538
     1.29719     0.769431     -0.28854      1.02459
    0.935975      0.92142    -0.406985     0.981037
    0.851064     0.747029    -0.387443      1.20105
    0.851064     0.747029    -0.387443      1.20105
     0.46584     0.035045    -0.275679     0.918875
    0.803545     0.574542    -0.397168     0.992554
    0.691134     0.660457    -0.334901      1.14374
    0.909458     0.547933    -0.352965     0.861689
     1.02048     0.380094     -0.33292      1.15819
     1.02048     0.380094     -0.33292      1.15819
    0.838432     0.566801    0.0453775      1.08203
    0.838432     0.566801    0.0453775      1.08203
    0.838432     0.566801    0.0453775      1.08203
    0.693197     0.535073    -0.446732     0.831966
     0.83615     0.847853    -0.344744     0.767357
    0.849279     0.420215     -0.25034     0.705318
    0.849279     0.420215     -0.25034     0.705318
    0.881433     0.309085    -0.205691     0.701865
    0.944697     0.521131    -0.160328     0.983139
    0.864133     0.837403   -0.0537903     0.757834
    0.913609     0.519457    -0.184734     0.797972
    0.737317     0.761076   -0.0642202     0.895704
    0.650469     0.676694    -0.215528        0.979
    0.979429     0.380739   0.00975765     0.672272
    0.845791     0.254329    -0.294217     0.715814
     1.05718     0.779214    -0.114477     0.909567
     1.25975     0.794904    0.0898384     0.974402
    0.742824     0.821663    -0.170809     0.910047
    0.724578     0.553897    -0.328915     0.972969
    0.681487     0.821934    -0.480458     0.957484
    0.787093     0.802072   -0.0901375     0.880595
    0.722399     0.629603    -0.406139     0.900429
     1.15671     0.996672    -0.780803      1.03173
     0.85249     0.675012    -0.215628      0.78467
    0.866079     0.737073    -0.218506     0.639337
    0.662608     0.756099    -0.388939     0.585561
    0.597307     0.630623     -0.36147      1.11361
    0.747899     0.694702    -0.201503      1.00331
     1.02077     0.901736    -0.413857     0.761834
     1.02077     0.901736    -0.413857     0.761834
     1.04187     0.587166    -0.181254      0.91185
    0.539559     0.599438    -0.239546      1.01261
    0.775015     0.510715    -0.155623     0.822377
    0.747591     0.616173    -0.116783     0.961582
     0.66363     0.352211    -0.373639      1.09251
     1.09644     0.945999    -0.288988      0.61222
     1.02645     0.778655    -0.213211      1.12969
    0.592859     0.396986    0.0126322     0.671839
    0.743563     0.658587    -0.187134     0.849994
     0.73087     0.678306    -0.182438     0.801751
     1.04533     0.781264    -0.319959     0.759363
      0.8535     0.373869   -0.0964111     0.929973
    0.773256     0.846757    -0.300488     0.749629
    0.866572     0.863481    -0.288516      1.10853
    0.717658     0.666274   -0.0672677     0.865768
     1.01182     0.862136    -0.155419     0.942435
     1.01182     0.862136    -0.155419     0.942435
    0.598915     0.682713    -0.229323     0.850039
    0.979263     0.705303    0.0671848      1.12736
    0.724954     0.616228     -0.19199      0.87371
    0.778072      0.42301    -0.149851     0.682152
    0.852115      0.53196   -0.0861946     0.796252
    0.874897     0.818622    -0.507529      0.88361
    0.810839     0.904359    -0.126658      1.05726
     0.64662      0.61766    -0.118713     0.537971
    0.682954     0.586314   -0.0731169     0.809267
    0.682954     0.586314   -0.0731169     0.809267
    0.898445     0.520306     -0.18692     0.710496
    0.927644     0.683844   -0.0346807     0.742828
    0.736812     0.800747    -0.206543     0.630104
    0.483496     0.666128    -0.211321      1.11646
    0.685997     0.444253    -0.197366     0.753243
     1.15477     0.866643    -0.273941     0.818329
    0.754563     0.671454    -0.357313     0.916891
     1.12338     0.859371    0.0496909     0.860769
     1.12338     0.859371    0.0496909     0.860769
     1.12338     0.859371    0.0496909     0.860769
    0.805275     0.590962   -0.0722795     0.718911
     1.01866     0.568205   -0.0818436     0.983244
    0.834245     0.771766    -0.289419      0.85326
    0.834245     0.771766    -0.289419      0.85326
    0.834245     0.771766    -0.289419      0.85326
     0.67577     0.660932     -0.26368     0.793405
    0.801827     0.656174   -0.0615625      1.09533
    0.933551     0.758152    -0.147071     0.711268
    0.749178     0.675135    -0.411097     0.829238
     1.19957     0.878691    -0.268282     0.716284
    0.966991      1.11685    -0.318172      1.00842
    0.966991      1.11685    -0.318172      1.00842
    0.966991      1.11685    -0.318172      1.00842
    0.752226     0.746974    -0.225952     0.962003
    0.563743     0.514647    -0.293298     0.470202
    0.778554     0.345169     0.041939     0.627104
    0.863799     0.425569    -0.223878     0.848646
    0.730693     0.847716    -0.348447      0.98022
    0.648714     0.558338    -0.256104     0.531627
     1.08515      0.81452    -0.293351     0.753676
     0.77197     0.978947    -0.159118     0.885608
    0.663234     0.490326    -0.351381     0.832286
    0.767316     0.394032    0.0123952     0.817368
    0.918918     0.593674   -0.0437918     0.849587
    0.846485     0.615839    -0.137397      0.82216
    0.651661     0.594097    -0.110449     0.868229
    0.822079     0.897197    -0.177537      1.06695
    0.925892     0.683043     -0.32447     0.771434
    0.691584     0.938365    -0.506991      1.46665
    0.669968     0.342525    0.0982579     0.708316
    0.889353      1.44408     -0.58882     0.945582
    0.935485     0.764081     0.106678     0.761913
     1.30823     0.528421    -0.171576     0.942248
    0.750471     0.739079    -0.507502     0.940938
    0.750471     0.739079    -0.507502     0.940938
    0.761629     0.443017    0.0512678     0.913115
     0.77114     0.434687    -0.356257      1.16378
    0.842982     0.839034    -0.402275     0.925694
     1.08078      1.00177    -0.214452      1.06091
     1.02885     0.852237    -0.434192     0.879335
    0.696723     0.590544    -0.283792       1.0407
    0.948528     0.666093    -0.120845     0.752374
    0.820764     0.808089    -0.312543      1.00427
     0.74387     0.888055    -0.237054     0.654631
    0.532931     0.653642    -0.547297     0.864341
    0.708397     0.547847     -0.24554     0.691074
    0.955567      1.07761    -0.417044     0.900931
    0.891945     0.545543     -0.34394     0.981331
    0.879467     0.431102     0.010638      1.22232
    0.551082     0.544603    -0.352653     0.688641
    0.888034     0.652299   -0.0229028     0.703793
    0.888034     0.652299   -0.0229028     0.703793
    0.888034     0.652299   -0.0229028     0.703793
    0.910292     0.277061    0.0341122     0.845853
    0.967502     0.600978     -0.34212      1.04291
    0.974228     0.875906    -0.419347      1.06612
      1.0506     0.352243    -0.236257      1.10088
    0.814674     0.623042    -0.178631     0.909726
    0.805841     0.581141    -0.220811     0.639077
    0.826858     0.458926    -0.200748     0.828875
      0.9002       1.0251    -0.125533      1.29192
     1.07245     0.736026    -0.101519     0.747784
     1.10963     0.669214    -0.400336     0.803513
    0.697443     0.800662    -0.159306     0.941865
     1.04566     0.671895    -0.285393      1.07712
     1.04566     0.671895    -0.285393      1.07712
    0.838814       0.7049     0.116337     0.634998
    0.712629      0.50651   -0.0727069     0.779574
    0.754552     0.825386    -0.296468     0.807769
    0.775016     0.515022   -0.0630062     0.870544
    0.909269     0.675887    -0.296922     0.742438
    0.909269     0.675887    -0.296922     0.742438
    0.707267     0.687301     -0.25424     0.789453
     1.13948     0.876395    -0.106218      1.05968
    0.761984     0.882038    -0.374427     0.966841
     0.59833     0.695167    -0.160639     0.953484
    0.856249     0.807336   -0.0913979     0.897753
    0.856249     0.807336   -0.0913979     0.897753
    0.972901     0.388515    -0.609327      1.05843
    0.777213     0.445616   -0.0670861      1.02663
     1.14588     0.746831    0.0356423     0.797606
    0.591002      0.61994    -0.179082       0.7704
    0.945413     0.607154    -0.200777     0.962768
    0.868897     0.596111    -0.317602     0.923834
    0.880327     0.854479    -0.192677      1.02524
     1.01102     0.933687    -0.285416      1.07514
    0.618025     0.505151   -0.0488961      1.05525
    0.882532       0.7495     -0.24746     0.736302
    0.986646     0.892139    -0.271859     0.667001
    0.639719     0.446678    -0.354227     0.831782
    0.792832     0.705116   -0.0340156      1.06328
     0.67184     0.358471     -0.54855     0.975146
    0.976175      0.52693    -0.135324     0.798319
    0.976175      0.52693    -0.135324     0.798319
    0.721523     0.731029    -0.193235      1.19665
    0.721523     0.731029    -0.193235      1.19665
    0.721523     0.731029    -0.193235      1.19665
     0.85488     0.725401    -0.156397     0.807727
     0.85488     0.725401    -0.156397     0.807727
     0.85488     0.725401    -0.156397     0.807727
    0.480977     0.833153    -0.237306      1.01333
     1.16277     0.793971    -0.150396      1.14054
     1.16277     0.793971    -0.150396      1.14054
     1.16277     0.793971    -0.150396      1.14054
    0.869484     0.839937     -0.35973     0.737618
    0.922158     0.735148    -0.127554     0.999399
     1.17975      0.77126    -0.271173      1.16413
     1.11757     0.523873   -0.0685285      0.94719
    0.776331     0.580973    -0.079409      0.67038
     1.04321     0.236763   -0.0462521      0.88452
    0.705496     0.557432    -0.241476     0.607644
     0.56612      0.32804      -0.1013     0.803235
     0.56612      0.32804      -0.1013     0.803235
     0.88966     0.367872    -0.131152     0.973781
    0.922432     0.688028  -0.00764112     0.962098
    0.410541     0.679948    -0.278572     0.998396
    0.857582     0.878188     -0.41717     0.699182
     1.00651     0.654095   -0.0406653      1.00283
    0.812933     0.560697     -0.15154     0.906515
    0.833133     0.770994   -0.0798034     0.841318
    0.909495     0.606041    -0.371874     0.655778
     1.16299     0.876761   -0.0890693      1.07751
      1.0065      1.00494    -0.208794     0.926269
      1.0065      1.00494    -0.208794     0.926269
      1.0065      1.00494    -0.208794     0.926269
      1.0065      1.00494    -0.208794     0.926269
    0.927328     0.687348    -0.117073     0.976379
    0.749176     0.662356    -0.179266      1.07873
      1.0319     0.743907    -0.272172      1.11906
    0.778296     0.661443    -0.165536      0.83234
    0.902588     0.569884    -0.140119      1.13563
    0.777365     0.545101    -0.117205     0.816556
    0.836085     0.646572    0.0359499      1.00086
    0.788808     0.673821   -0.0355087     0.682872
    0.718623        1.024    -0.338486      1.12817
    0.718623        1.024    -0.338486      1.12817
    0.693305     0.680163   -0.0160708      1.00376
    0.787671     0.764259    -0.463242     0.905589
    0.999781     0.598336    -0.122073      1.17908
    0.874071     0.511602   -0.0367539     0.815218
    0.696173     0.493628     -0.17033     0.652445
    0.711601     0.530326    -0.120766      0.64331
    0.863847     0.733282   -0.0487849     0.850483
    0.890209     0.585532    -0.122759      1.04042
    0.785893     0.467817    -0.164816     0.828073
    0.903709     0.630633    -0.159027      1.27147
    0.903709     0.630633    -0.159027      1.27147
    0.878987     0.753762    -0.125467     0.641661
    0.656061      1.05764    -0.265845     0.907943
    0.788552     0.853542    -0.165533     0.703165
    0.840645     0.707163  -0.00600468     0.984124
    0.840645     0.707163  -0.00600468     0.984124
    0.970859      1.26661    -0.322715      1.35985
    0.897543     0.401389    -0.180352     0.643552
    0.704058     0.692201    -0.130832     0.777343
     0.88593      0.80739    -0.339257      1.13033
     1.00364     0.498265    -0.368519     0.694232
    0.787574     0.553573    -0.217753     0.903316
    0.888331     0.698945    -0.237153     0.713989
    0.752555     0.468681     -0.28019     0.898688
     1.22593     0.901506    -0.447244      1.04952
     0.76612     0.511952      -0.2926      1.02919
      1.0001      0.64716    -0.336698     0.867042
