       1.9593524 
       3.0125820 
       3.5942304 
       3.1128271 
       3.3917160 
       3.3605983 
       3.6031637 
       3.6554275 
       4.5034203 
       2.6992811 
       1.9056130 
       5.1804437 
       5.9315584 
       1.8788592 
       2.4474620 
       5.0928438 
       4.5799972 
       2.3115541 
       5.7498875 
       2.7600468 
       3.7389439 
       3.5467034 
       3.8894280 
       2.2632972 
       3.5915755 
       3.1712684 
       5.2397438 
       3.6111895 
       5.0609536 
       4.5512668 
       5.3366792 
       3.1533329 
       3.3624071 
       2.5774866 
       2.8556879 
       4.9151638 
       3.2855031 
       5.3566349 
       2.2345277 
       2.1695256 
       3.7495012 
       5.4593299 
       2.8876793 
       3.2617692 
       4.4251840 
       2.9634956 
       5.2251688 
       7.0289138 
       5.7153875 
       3.8464108 
       4.0189482 
       3.1776921 
       3.1832127 
       4.8014405 
       4.3468428 
       5.7907844 
       3.0369540 
       5.1479187 
       5.1122033 
       5.4272060 
       4.6261015 
       5.2388464 
       5.1649023 
       5.2973919 
       4.3243484 
       6.8044797 
       3.2285238 
       3.4495953 
       4.0679728 
       6.7571178 
       6.5012030 
       6.1103187 
       3.5508563 
       4.6980750 
       2.7990752 
       2.8476098 
       3.7355351 
       5.5116470 
       5.4157918 
       4.2115524 
       3.2970578 
       4.8645405 
       4.4573456 
       6.0603138 
       3.0908779 
       5.3641806 
       3.7962438 
       6.0567379 
       5.2538286 
       5.5016722 
       5.3046815 
       5.9223058 
       4.3872729 
       4.9374349 
       4.5733059 
       3.3187701 
       3.4101805 
       4.7804774 
       4.5460947 
       4.9375669 
       4.0957888 
       4.1401029 
       3.6991947 
       6.4523480 
       3.2999491 
       5.9455141 
       4.1076107 
       4.6987870 
       3.7278505 
       3.4701104 
       3.6074349 
       6.0094000 
       5.2986805 
       5.3031287 
       4.4759891 
       4.7416562 
       4.4996074 
       4.8993813 
       4.2644442 
       3.5702094 
       4.2141600 
       6.9913281 
       4.8843674 
       3.4729307 
       4.0253349 
       5.2324871 
       4.7107345 
       2.6775716 
       3.6885075 
       5.5322445 
       5.5330573 
       5.1135096 
       4.2222994 
       3.1929730 
       4.4430464 
       4.5671476 
       4.0141648 
       3.2741648 
       2.7367541 
       4.7348526 
       3.4186287 
       5.2387940 
       4.6955063 
       6.4179626 
       4.1869731 
       5.2029690 
       6.0897780 
       5.5415156 
       2.3985304 
       4.1703997 
       4.4541491 
       5.0932104 
       4.2330282 
       5.1058068 
       1.8121211 
       4.1763804 
       4.0361250 
       4.5470705 
       4.3166769 
       3.6537416 
       5.3735287 
       3.9141840 
       5.8338296 
       3.0338283 
       4.3915326 
       2.3428600 
       2.8156107 
       2.0125561 
       3.7655238 
       1.5193214 
       3.3602190 
       2.1483193 
       3.4989458 
       4.4228664 
       2.4755865 
       4.4815395 
       2.7138883 
       4.6480540 
       4.1057572 
       3.3462636 
       2.7806368 
       4.8973038 
       2.4455712 
       3.0110693 
       4.5120221 
       2.5599519 
       4.6454084 
       2.3850731 
       3.9719809 
       4.4648875 
       4.0654692 
       4.5891559 
       4.0074073 
       3.6699439 
       5.8508990 
       4.3126096 
       1.1999036 
       3.9678790 
       3.7779807 
       1.5960386 
       2.3067627 
       3.0799188 
       4.4414036 
       3.9279242 
       3.0204310 
       4.9605365 
       3.5866139 
       5.4443672 
       2.7538175 
       5.4995222 
       5.0763031 
       3.3332395 
       3.3139661 
       5.0052391 
       4.4953930 
       3.7727009 
       5.3664459 
       4.7603712 
       2.2546779 
       2.7746185 
       3.6159169 
       5.0379868 
       3.5463519 
       2.9201175 
       3.8265232 
       5.8751623 
       2.3623360 
       2.8143334 
       4.2843739 
       3.9395822 
       2.5021914 
       6.3768879 
       4.1233680 
       5.0836584 
       4.5477578 
       3.8464888 
       2.2524357 
       3.7426696 
       4.4313580 
       1.5061985 
       4.8235357 
       1.6829000 
       3.6765095 
       2.4317685 
       5.9394565 
       2.3869985 
       4.4123940 
       2.7849727 
       2.9982704 
       3.9631370 
       4.4572740 
       5.2901490 
       5.0992723 
       2.5410166 
       4.0140249 
       3.7561799 
       3.8049056 
       4.8765316 
       4.7667342 
       5.0193346 
       2.2408185 
       3.4547372 
       4.3104530 
       4.5532412 
       2.6668327 
       4.2220804 
       3.8300812 
       5.8057513 
       3.4439385 
       3.3220214 
       5.1071655 
       4.3140212 
       5.0317720 
       2.9856378 
       1.9690301 
       4.1168652 
       6.5585853 
       5.7379852 
       3.0534606 
       6.0705451 
       3.7404868 
       5.3608071 
       4.3484406 
       4.9115964 
       5.5914596 
       4.5198142 
       4.7841589 
       6.8056831 
       5.3627367 
       3.8280663 
       5.6264782 
       4.5704610 
       2.6725475 
       5.5715872 
       4.9291381 
       4.4403089 
       3.5340053 
       5.6802826 
       3.3650941 
       6.7507060 
       4.4147923 
       5.2451004 
       5.3466831 
       4.2753618 
       3.7583069 
       4.7726838 
       6.9762833 
       3.9539765 
       6.8683113 
       4.4067321 
       5.1897682 
       7.9141890 
       6.1112932 
       5.0455826 
       5.1416502 
       6.7667094 
       6.0967281 
       5.0851450 
       6.8321926 
       7.4505159 
       3.4247858 
       5.8385124 
       7.0533302 
       4.4012778 
       7.4190662 
       5.4191032 
       6.0130742 
       4.9271186 
       6.1317026 
       6.0816544 
       5.1736974 
       7.4189366 
       6.3777629 
       6.2756631 
       6.9523103 
       6.7706198 
       4.9917070 
       4.8495174 
       6.8343952 
       7.6280761 
       5.5628395 
       4.2788673 
       7.0266184 
       6.1481660 
       6.4429815 
       7.5996896 
       5.6690809 
       6.9928764 
       5.3362910 
       7.0662172 
       6.5559875 
       4.7746693 
       4.9330746 
       5.4344674 
       4.2123429 
       7.1503264 
       7.0529703 
       7.8401076 
       5.3030981 
       6.1484110 
       7.2170338 
       6.1595736 
       4.5542339 
       6.2369953 
       7.5485865 
       6.5677396 
       6.7879007 
       6.9984021 
       6.7392058 
       4.8959131 
       5.6713100 
       5.9456651 
       4.2117990 
       6.2677230 
       6.0549051 
       5.0895978 
       5.9066851 
       5.8397144 
       7.9077025 
       6.3844213 
       5.9825290 
       6.0158214 
       8.0684421 
       6.7160145 
       6.4207971 
       5.9880758 
       6.9605693 
       6.3737465 
       5.8581855 
       6.5704435 
       8.4370004 
       3.8876287 
       6.7743510 
       6.1582103 
       6.4172543 
       6.7687495 
       6.4126880 
       6.8291081 
       5.0507050 
       6.2242798 
       5.7425892 
       4.9023553 
       7.0115098 
       6.5340625 
       7.4844047 
       6.0108994 
       6.5455997 
       5.7491680 
       5.2730584 
       5.9021843 
       5.6092913 
       5.0054411 
       7.5648666 
       5.1324080 
       6.4412673 
       6.1951425 
       6.1565358 
       6.0240112 
       4.7268099 
       5.0187616 
       5.0693930 
       6.5626096 
       3.2802824 
       6.7917195 
       6.6104366 
       3.0583914 
       6.8249995 
       4.4822979 
       6.2173646 
       5.4078987 
       4.8694067 
       3.9018288 
       4.1514188 
       4.5609625 
       7.1203822 
       6.9482286 
       5.7237685 
       3.2315502 
       5.0036791 
       4.4135153 
       5.6139720 
       4.9356480 
       5.8821017 
       3.7305233 
       4.3749075 
       4.8234842 
       7.0565548 
       5.7121918 
       3.6061991 
       7.9351982 
       5.3861601 
       4.0523080 
       5.6383899 
       6.9452861 
       7.1280950 
       5.5065481 
       7.0248068 
       3.2004722 
       3.7323482 
       5.7310329 
       4.6699904 
       5.8063363 
       6.0179788 
       5.6885682 
       5.0370308 
       5.0452919 
       5.3790356 
       4.5098655 
       4.8013064 
       3.9857089 
       4.8250056 
       4.6474496 
       5.7033384 
       3.7505364 
       3.9804538 
       3.7467741 
       5.8966285 
       3.9587176 
       4.9079950 
       4.9548532 
       3.1399512 
       3.0960229 
       5.1532818 
       2.0936858 
       6.3135084 
       3.4274368 
       5.7146592 
       5.6303482 
       3.2529762 
       5.0250999 
       3.8514079 
       4.3072822 
       4.1035299 
       4.1788773 
       3.3846881 
       1.6773019 
       3.2567821 
       2.4189597 
       1.8881644 
       3.7456915 