    2.00349           2           1
    3.60416     2.00801    0.992024
    2.72458     2.01602    0.984112
    2.40504     2.02402    0.976262
    2.99194     2.03203    0.968476
    3.37801     2.04004    0.960751
    2.33999     2.04805    0.953088
    3.14938     2.05606    0.945486
     3.3364     2.06406    0.937945
    3.14395     2.07207    0.930464
    2.27193     2.08008    0.923042
     2.6278     2.08809     0.91568
    3.84682      2.0961    0.908377
    3.78043      2.1041    0.901131
    2.18524     2.11211    0.893944
     2.5361     2.12012    0.886814
    2.25499     2.12813    0.879741
    3.63004     2.13614    0.872724
    2.37463     2.14414    0.865763
    2.21554     2.15215    0.858858
    2.11052     2.16016    0.852007
    2.87823     2.16817    0.845212
    2.98965     2.17618     0.83847
     2.1658     2.18418    0.831783
    2.29975     2.19219    0.825148
    2.45273      2.2002    0.818567
    3.02204     2.20821    0.812038
    3.84561     2.21622    0.805561
    2.58986     2.22422    0.799136
    2.41514     2.23223    0.792762
    2.74216     2.24024    0.786439
    2.75395     2.24825    0.780166
      2.026     2.25626    0.773944
    2.79657     2.26426    0.767771
    4.53192     2.27227    0.761647
    3.96319     2.28028    0.755572
    5.41492     2.28829    0.749545
    2.91623      2.2963    0.743567
    2.18865      2.3043    0.737636
    2.54448     2.31231    0.731753
    2.24165     2.32032    0.725916
    2.98153     2.32833    0.720127
    2.01055     2.33634    0.714383
    2.18878     2.34434    0.708685
    3.98012     2.35235    0.703032
    3.79997     2.36036    0.697425
    2.74314     2.36837    0.691862
    2.51899     2.37638    0.686344
    3.14024     2.38438     0.68087
    2.96303     2.39239    0.675439
    2.97277      2.4004    0.670052
    2.32001     2.40841    0.664707
    3.57704     2.41642    0.659406
    3.60931     2.42442    0.654146
    3.04959     2.43243    0.648929
    3.23108     2.44044    0.643753
    4.06733     2.44845    0.638618
     3.1094     2.45646    0.633525
    3.47253     2.46446    0.628472
    6.89596     2.47247    0.623459
    2.57127     2.48048    0.618486
    2.05561     2.48849    0.613553
    3.97484      2.4965    0.608659
    3.73528      2.5045    0.603805
    3.50196     2.51251    0.598989
    2.62421     2.52052    0.594211
     2.2488     2.52853    0.589472
    3.10207     2.53654     0.58477
    2.74043     2.54454    0.580106
    3.30127     2.55255    0.575479
    2.18353     2.56056    0.570889
    2.42947     2.56857    0.566336
    2.65024     2.57658    0.561818
    2.25681     2.58458    0.557337
    2.56389     2.59259    0.552892
     2.7282      2.6006    0.548482
    2.16322     2.60861    0.544107
    2.59457     2.61662    0.539768
    2.03062     2.62462    0.535462
    2.29924     2.63263    0.531192
    2.88265     2.64064    0.526955
     3.2189     2.64865    0.522752
    2.60965     2.65666    0.518582
    2.43445     2.66466    0.514446
    2.55391     2.67267    0.510343
    3.11131     2.68068    0.506272
    2.40983     2.68869    0.502234
    2.64906      2.6967    0.498228
    2.00679      2.7047    0.494255
    3.63249     2.71271    0.490312
    2.37011     2.72072    0.486402
    2.20568     2.72873    0.482522
    2.80741     2.73674    0.478673
    2.31829     2.74474    0.474855
    2.74296     2.75275    0.471068
    7.05553     2.76076    0.467311
    9.84108     2.76877    0.463583
    2.35157     2.77678    0.459886
    3.18377     2.78478    0.456218
     2.5014     2.79279    0.452579
    6.28172      2.8008    0.448969
    3.19761     2.80881    0.445388
    3.28416     2.81682    0.441836
    3.11616     2.82482    0.438312
    2.13394     2.83283    0.434816
    2.40874     2.84084    0.431348
    2.93611     2.84885    0.427907
    3.50388     2.85686    0.424494
    2.24884     2.86486    0.421108
    2.09213     2.87287     0.41775
    5.79433     2.88088    0.414418
     3.0184     2.88889    0.411112
     2.2741      2.8969    0.407833
    2.14529      2.9049     0.40458
    2.09268     2.91291    0.401353
    2.38019     2.92092    0.398152
    2.45383     2.92893    0.394977
    5.98578     2.93694    0.391826
    3.19509     2.94494    0.388701
    2.71502     2.95295    0.385601
    2.88347     2.96096    0.382525
    2.03837     2.96897    0.379474
    2.57222     2.97698    0.376447
    2.70988     2.98498    0.373445
    4.81755     2.99299    0.370466
    2.95537       3.001    0.367511
    3.22123     3.00901     0.36458
    3.78866     3.01702    0.361672
    2.58203     3.02503    0.358787
    3.81806     3.03303    0.355926
    2.82787     3.04104    0.353087
    2.03523     3.04905    0.350271
    3.76448     3.05706    0.347477
    2.35029     3.06507    0.344705
    2.99585     3.07307    0.341956
    2.71085     3.08108    0.339229
    3.39924     3.08909    0.336523
    2.94073      3.0971    0.333839
    3.34224     3.10511    0.331176
     3.1683     3.11311    0.328535
    3.23073     3.12112    0.325914
    6.29109     3.12913    0.323315
    4.28725     3.13714    0.320736
    2.11397     3.14515    0.318178
    4.08137     3.15315     0.31564
     2.9637     3.16116    0.313122
    3.01221     3.16917    0.310625
    3.47711     3.17718    0.308147
    2.34452     3.18519     0.30569
    2.71409     3.19319    0.303251
    2.49019      3.2012    0.300833
    2.17723     3.20921    0.298433
    2.72117     3.21722    0.296053
     2.6433     3.22523    0.293692
    2.11967     3.23323    0.291349
     4.7708     3.24124    0.289025
    3.82311     3.24925     0.28672
    3.69073     3.25726    0.284433
    2.03858     3.26527    0.282164
     3.7156     3.27327    0.279914
    2.59459     3.28128    0.277681
    3.97219     3.28929    0.275466
    2.58864      3.2973    0.273269
    2.79304     3.30531     0.27109
    2.24392     3.31331    0.268928
     4.8835     3.32132    0.266783
    3.24064     3.32933    0.264655
     2.0932     3.33734    0.262544
    2.10277     3.34535     0.26045
    3.24426     3.35335    0.258372
    2.32749     3.36136    0.256312
    2.52156     3.36937    0.254267
    4.14612     3.37738    0.252239
    2.06098     3.38539    0.250227
    2.41947     3.39339    0.248232
    2.18006      3.4014    0.246252
    2.00293     3.40941    0.244288
    2.42976     3.41742    0.242339
     3.9236     3.42543    0.240406
    4.56026     3.43343    0.238489
    3.94924     3.44144    0.236586
    2.06381     3.44945    0.234699
    2.14097     3.45746    0.232827
    2.61791     3.46547     0.23097
    3.03666     3.47347    0.229128
    4.76103     3.48148    0.227301
    5.46142     3.48949    0.225488
    3.75266      3.4975    0.223689
    2.11667     3.50551    0.221905
      2.059     3.51351    0.220135
    3.96681     3.52152    0.218379
    2.22641     3.52953    0.216638
    2.31046     3.53754     0.21491
    2.22985     3.54555    0.213196
    2.03795     3.55355    0.211495
    4.92044     3.56156    0.209808
    2.19021     3.56957    0.208135
    2.47153     3.57758    0.206475
     4.3621     3.58559    0.204828
    2.56156     3.59359    0.203194
    2.47169      3.6016    0.201573
    2.07506     3.60961    0.199966
    2.15217     3.61762    0.198371
    3.38567     3.62563    0.196789
    2.99368     3.63363    0.195219
    2.10206     3.64164    0.193662
    3.26016     3.64965    0.192117
     3.5214     3.65766    0.190585
    3.74841     3.66567    0.189065
    2.57449     3.67367    0.187557
    2.79145     3.68168    0.186061
    5.73532     3.68969    0.184577
    3.60675      3.6977    0.183105
    2.03965     3.70571    0.181644
    2.89693     3.71371    0.180195
    2.93884     3.72172    0.178758
    2.47381     3.72973    0.177332
    8.02332     3.73774    0.175918
    2.65075     3.74575    0.174515
      2.665     3.75375    0.173123
    2.99112     3.76176    0.171742
     3.6686     3.76977    0.170372
    3.76468     3.77778    0.169013
    2.04391     3.78579    0.167665
    4.09594     3.79379    0.166328
    2.08852      3.8018    0.165001
    2.12155     3.80981    0.163685
    2.57581     3.81782     0.16238
    4.87352     3.82583    0.161085
    2.04645     3.83383      0.1598
    2.94854     3.84184    0.158525
    2.53319     3.84985    0.157261
    2.16528     3.85786    0.156006
    2.65959     3.86587    0.154762
    3.46533     3.87387    0.153528
     2.9027     3.88188    0.152303
    3.15975     3.88989    0.151088
    5.81189      3.8979    0.149883
    2.20926     3.90591    0.148688
    2.01697     3.91391    0.147502
    2.04287     3.92192    0.146325
    2.89352     3.92993    0.145158
    2.01015     3.93794    0.144001
    3.75434     3.94595    0.142852
    2.06494     3.95395    0.141713
    2.68429     3.96196    0.140582
    2.18307     3.96997    0.139461
    3.60845     3.97798    0.138349
    2.60332     3.98599    0.137245
    2.50675     3.99399    0.136151
    2.84281       4.002    0.135065
     3.3243     4.01001    0.133987
     2.1563     4.01802    0.132919
    2.29903     4.02603    0.131858
    2.21568     4.03403    0.130807
    2.32539     4.04204    0.129763
    2.83711     4.05005    0.128728
     2.3231     4.05806    0.127702
    2.94887     4.06607    0.126683
    2.02194     4.07407    0.125673
    5.07253     4.08208     0.12467
    4.02316     4.09009    0.123676
    2.16926      4.0981     0.12269
    2.93253     4.10611    0.121711
    2.36998     4.11411     0.12074
    5.17615     4.12212    0.119777
    2.04796     4.13013    0.118822
    2.79175     4.13814    0.117874
    3.99945     4.14615    0.116934
    3.94323     4.15415    0.116001
    2.36833     4.16216    0.115076
    2.32261     4.17017    0.114158
    2.06836     4.17818    0.113248
    2.05416     4.18619    0.112344
    4.72788     4.19419    0.111448
    3.65171      4.2022    0.110559
    2.10292     4.21021    0.109678
     2.6444     4.21822    0.108803
    3.30183     4.22623    0.107935
    2.03385     4.23423    0.107074
    2.11721     4.24224     0.10622
    3.09836     4.25025    0.105373
    2.66983     4.25826    0.104532
    2.32517     4.26627    0.103699
    2.00728     4.27427    0.102872
    2.84507     4.28228    0.102051
    4.89122     4.29029    0.101237
    2.18288      4.2983     0.10043
     2.2558     4.30631   0.0996286
    2.16611     4.31431   0.0988339
    3.39128     4.32232   0.0980456
    3.59706     4.33033   0.0972636
    3.43421     4.33834   0.0964878
    2.89086     4.34635   0.0957182
    2.24477     4.35435   0.0949548
    2.44872     4.36236   0.0941974
    3.35725     4.37037   0.0934461
    2.21774     4.37838   0.0927008
    2.44931     4.38639   0.0919614
    2.07102     4.39439   0.0912279
    2.15009      4.4024   0.0905003
    2.65578     4.41041   0.0897784
     2.2002     4.41842   0.0890624
    2.02276     4.42643    0.088352
    4.09605     4.43443   0.0876473
     2.0994     4.44244   0.0869482
    2.40789     4.45045   0.0862547
    2.80643     4.45846   0.0855668
    3.67094     4.46647   0.0848843
    2.10546     4.47447   0.0842072
    3.47377     4.48248   0.0835356
    2.18779     4.49049   0.0828693
    3.89218      4.4985   0.0822083
    2.86209     4.50651   0.0815526
    4.80412     4.51451   0.0809022
    2.05278     4.52252   0.0802569
    3.42065     4.53053   0.0796168
    3.37375     4.53854   0.0789817
       2.28     4.54655   0.0783518
     2.2868     4.55455   0.0777268
    3.15166     4.56256   0.0771069
    5.03109     4.57057   0.0764919
    2.93077     4.57858   0.0758818
    2.01486     4.58659   0.0752766
    3.98221     4.59459   0.0746761
    2.30885      4.6026   0.0740805
     5.1913     4.61061   0.0734897
    2.10732     4.61862   0.0729035
    2.15498     4.62663    0.072322
    2.86483     4.63463   0.0717452
    2.82086     4.64264   0.0711729
    2.27304     4.65065   0.0706053
    2.21647     4.65866   0.0700421
    3.28084     4.66667   0.0694835
    2.24618     4.67467   0.0689292
    4.93348     4.68268   0.0683795
    2.31582     4.69069   0.0678341
    2.19839      4.6987    0.067293
    2.44741     4.70671   0.0667563
    2.06648     4.71471   0.0662238
    2.84413     4.72272   0.0656956
    3.55329     4.73073   0.0651716
    3.74254     4.73874   0.0646518
     4.1103     4.74675   0.0641362
    2.28851     4.75475   0.0636246
    2.18668     4.76276   0.0631171
    3.74318     4.77077   0.0626137
    2.05113     4.77878   0.0621143
    2.53684     4.78679   0.0616189
    2.08205     4.79479   0.0611274
    3.62983      4.8028   0.0606399
    3.71438     4.81081   0.0601562
    2.80979     4.81882   0.0596764
    2.30496     4.82683   0.0592004
    3.92064     4.83483   0.0587282
    6.84841     4.84284   0.0582598
    3.18414     4.85085   0.0577951
    2.26388     4.85886   0.0573341
    2.05924     4.86687   0.0568769
    2.47367     4.87487   0.0564232
    3.49826     4.88288   0.0559732
    2.60099     4.89089   0.0555267
    2.48036      4.8989   0.0550838
    2.67562     4.90691   0.0546445
     2.5181     4.91491   0.0542086
    2.62164     4.92292   0.0537763
    2.22361     4.93093   0.0533474
    2.62915     4.93894   0.0529219
    2.11863     4.94695   0.0524997
    3.05705     4.95495    0.052081
     2.7075     4.96296   0.0516656
    2.25464     4.97097   0.0512535
    2.46698     4.97898   0.0508447
    2.06261     4.98699   0.0504392
    3.26067     4.99499   0.0500369
    2.44969       5.003   0.0496378
    2.07862     5.01101   0.0492419
    2.18132     5.01902   0.0488491
    3.30044     5.02703   0.0484595
    3.20516     5.03504    0.048073
    2.31066     5.04304   0.0476895
    2.93304     5.05105   0.0473092
    2.22367     5.05906   0.0469318
    6.12016     5.06707   0.0465575
    2.70511     5.07508   0.0461862
    2.94715     5.08308   0.0458178
    2.15473     5.09109   0.0454523
    2.81281      5.0991   0.0450898
    2.45321     5.10711   0.0447302
      3.716     5.11512   0.0443734
    5.92347     5.12312   0.0440195
    3.20365     5.13113   0.0436684
    2.47275     5.13914   0.0433201
    2.81988     5.14715   0.0429746
    2.16758     5.15516   0.0426318
    2.79179     5.16316   0.0422918
     2.0632     5.17117   0.0419544
    2.20045     5.17918   0.0416198
    2.23865     5.18719   0.0412878
    3.15078      5.1952   0.0409585
    2.04775      5.2032   0.0406318
    2.33716     5.21121   0.0403078
    2.37762     5.21922   0.0399863
    2.43911     5.22723   0.0396673
    2.79402     5.23524   0.0393509
     2.4597     5.24324   0.0390371
    4.23954     5.25125   0.0387257
    4.12464     5.25926   0.0384168
    3.67448     5.26727   0.0381104
    3.64744     5.27528   0.0378065
    3.33953     5.28328   0.0375049
    2.37607     5.29129   0.0372058
    3.55236      5.2993    0.036909
    3.43589     5.30731   0.0366146
    2.06621     5.31532   0.0363226
    3.26561     5.32332   0.0360329
    2.37191     5.33133   0.0357455
    2.01383     5.33934   0.0354604
    4.66698     5.34735   0.0351775
    2.73099     5.35536    0.034897
    4.91026     5.36336   0.0346186
    2.11911     5.37137   0.0343425
    4.33287     5.37938   0.0340686
    2.24822     5.38739   0.0337969
    3.40288      5.3954   0.0335273
    2.24959      5.4034   0.0332599
    2.29811     5.41141   0.0329946
    2.48902     5.41942   0.0327314
    2.53996     5.42743   0.0324704
    3.11965     5.43544   0.0322114
    3.41695     5.44344   0.0319545
    2.38261     5.45145   0.0316996
    4.65387     5.45946   0.0314468
    2.86873     5.46747   0.0311959
     2.3582     5.47548   0.0309471
    2.39634     5.48348   0.0307003
    2.64068     5.49149   0.0304554
    2.86783      5.4995   0.0302125
    3.20474     5.50751   0.0299715
    3.23986     5.51552   0.0297325
    2.08726     5.52352   0.0294953
    3.33451     5.53153   0.0292601
    2.09169     5.53954   0.0290267
    2.10079     5.54755   0.0287952
    5.15506     5.55556   0.0285655
    3.00066     5.56356   0.0283377
    2.37691     5.57157   0.0281116
     2.1513     5.57958   0.0278874
    2.25384     5.58759    0.027665
     3.6079      5.5956   0.0274443
    2.56481      5.6036   0.0272254
    2.17105     5.61161   0.0270083
    4.26807     5.61962   0.0267929
     2.4534     5.62763   0.0265792
    2.24229     5.63564   0.0263672
    6.81484     5.64364   0.0261569
    2.19388     5.65165   0.0259482
    2.84168     5.65966   0.0257413
    2.91349     5.66767    0.025536
    2.58589     5.67568   0.0253323
    2.70801     5.68368   0.0251302
    2.83989     5.69169   0.0249298
    5.16383      5.6997    0.024731
     2.0669     5.70771   0.0245337
    2.22453     5.71572    0.024338
     2.2301     5.72372   0.0241439
     3.9837     5.73173   0.0239513
    2.49767     5.73974   0.0237603
    2.30034     5.74775   0.0235708
    2.06993     5.75576   0.0233828
     2.5977     5.76376   0.0231963
    2.15741     5.77177   0.0230113
    3.03914     5.77978   0.0228277
    2.74104     5.78779   0.0226456
    2.69291      5.7958    0.022465
    4.96752      5.8038   0.0222858
    4.58902     5.81181   0.0221081
    3.01628     5.81982   0.0219318
    2.11604     5.82783   0.0217568
    2.15398     5.83584   0.0215833
     2.8393     5.84384   0.0214111
    3.24582     5.85185   0.0212404
    3.03699     5.85986    0.021071
    3.55514     5.86787   0.0209029
    2.55988     5.87588   0.0207362
    2.02282     5.88388   0.0205708
    3.36945     5.89189   0.0204067
    3.42515      5.8999   0.0202439
    2.49307     5.90791   0.0200825
     4.1464     5.91592   0.0199223
    3.57026     5.92392   0.0197634
    3.54187     5.93193   0.0196058
    2.21281     5.93994   0.0194494
    3.45174     5.94795   0.0192943
    2.51692     5.95596   0.0191404
    2.19039     5.96396   0.0189877
      2.643     5.97197   0.0188363
    2.74185     5.97998    0.018686
    4.19601     5.98799    0.018537
    3.01762       5.996   0.0183891
    2.00482       6.004   0.0182424
    3.91212     6.01201   0.0180969
    3.36005     6.02002   0.0179526
    3.78882     6.02803   0.0178094
    3.02141     6.03604   0.0176674
    3.85888     6.04404   0.0175265
    2.39375     6.05205   0.0173867
     2.3074     6.06006    0.017248
    2.06929     6.06807   0.0171104
    2.01083     6.07608   0.0169739
    2.06187     6.08408   0.0168386
    4.26508     6.09209   0.0167043
    4.84603      6.1001    0.016571
    4.95144     6.10811   0.0164388
    2.84062     6.11612   0.0163077
    2.58221     6.12412   0.0161777
    4.43466     6.13213   0.0160486
    2.51163     6.14014   0.0159206
    2.73059     6.14815   0.0157936
    2.59223     6.15616   0.0156677
    2.72311     6.16416   0.0155427
    2.22711     6.17217   0.0154187
    3.31969     6.18018   0.0152958
      3.593     6.18819   0.0151738
    2.84489      6.1962   0.0150527
    2.65791      6.2042   0.0149327
     4.2282     6.21221   0.0148136
    2.56825     6.22022   0.0146954
    2.79625     6.22823   0.0145782
    2.14561     6.23624   0.0144619
    4.14831     6.24424   0.0143466
    4.38992     6.25225   0.0142321
    3.82165     6.26026   0.0141186
    2.54055     6.26827    0.014006
     2.9736     6.27628   0.0138943
     3.7738     6.28428   0.0137835
    2.78593     6.29229   0.0136735
    3.92985      6.3003   0.0135645
     3.1492     6.30831   0.0134563
     2.8741     6.31632    0.013349
    2.25914     6.32432   0.0132425
    3.70119     6.33233   0.0131369
    2.14685     6.34034   0.0130321
    2.84101     6.34835   0.0129281
     3.9236     6.35636    0.012825
    2.15918     6.36436   0.0127227
    2.98561     6.37237   0.0126213
    3.68208     6.38038   0.0125206
    2.92724     6.38839   0.0124207
     2.2486      6.3964   0.0123217
    2.24762      6.4044   0.0122234
    3.48724     6.41241   0.0121259
    2.17643     6.42042   0.0120292
    6.20033     6.42843   0.0119332
    2.38906     6.43644    0.011838
    4.81308     6.44444   0.0117436
    2.19812     6.45245     0.01165
    2.05019     6.46046    0.011557
    2.69223     6.46847   0.0114649
    2.89133     6.47648   0.0113734
    2.00914     6.48448   0.0112827
    3.29982     6.49249   0.0111927
    3.69656      6.5005   0.0111034
     2.2202     6.50851   0.0110149
    2.06829     6.51652    0.010927
      2.043     6.52452   0.0108399
    2.20519     6.53253   0.0107534
     3.7531     6.54054   0.0106676
    3.91315     6.54855   0.0105826
    2.77467     6.55656   0.0104981
    2.58468     6.56456   0.0104144
    2.29266     6.57257   0.0103313
     2.4198     6.58058   0.0102489
    2.07905     6.58859   0.0101672
    2.39676      6.5966   0.0100861
    2.95421      6.6046   0.0100057
    3.33902     6.61261  0.00992585
    4.17432     6.62062  0.00984668
    2.48798     6.62863  0.00976815
    2.22521     6.63664  0.00969023
    4.52411     6.64464  0.00961295
    2.60629     6.65265  0.00953627
    2.69985     6.66066  0.00946021
    2.06817     6.66867  0.00938476
    3.78045     6.67668   0.0093099
    2.68566     6.68468  0.00923565
    2.00473     6.69269  0.00916198
    2.00728      6.7007  0.00908891
    2.21656     6.70871  0.00901641
    2.95638     6.71672   0.0089445
    2.19326     6.72472  0.00887316
    2.70957     6.73273  0.00880238
    3.82676     6.74074  0.00873218
    4.33356     6.74875  0.00866253
    2.34113     6.75676  0.00859343
    2.23568     6.76476  0.00852489
    2.34137     6.77277   0.0084569
    5.55084     6.78078  0.00838945
     2.5109     6.78879  0.00832253
    2.06538      6.7968  0.00825615
    2.70566      6.8048   0.0081903
     2.1444     6.81281  0.00812497
    2.21754     6.82082  0.00806017
    2.38995     6.82883  0.00799588
    2.57888     6.83684   0.0079321
    2.34492     6.84484  0.00786884
    3.14648     6.85285  0.00780608
    3.26426     6.86086  0.00774381
    3.59708     6.86887  0.00768205
    2.27826     6.87688  0.00762078
     3.3622     6.88488  0.00755999
    2.16986     6.89289   0.0074997
    2.67812      6.9009  0.00743988
    2.63104     6.90891  0.00738054
    2.21346     6.91692  0.00732167
    3.41649     6.92492  0.00726327
    3.33829     6.93293  0.00720534
     2.2638     6.94094  0.00714787
    2.92199     6.94895  0.00709086
    3.68969     6.95696   0.0070343
    2.10757     6.96496   0.0069782
    2.65456     6.97297  0.00692254
    2.03657     6.98098  0.00686732
    3.29747     6.98899  0.00681255
    3.03274       6.997  0.00675821
    3.48514     7.00501  0.00670431
    2.84924     7.01301  0.00665083
    2.10171     7.02102  0.00659779
    2.39048     7.02903  0.00654516
    2.14433     7.03704  0.00649296
     2.1505     7.04505  0.00644117
    2.23019     7.05305   0.0063898
    3.21083     7.06106  0.00633883
     4.6581     7.06907  0.00628827
       2.13     7.07708  0.00623812
    3.12223     7.08509  0.00618836
    2.27283     7.09309    0.006139
    3.36077      7.1011  0.00609004
    2.07666     7.10911  0.00604146
    5.27977     7.11712  0.00599328
    3.51188     7.12513  0.00594547
    2.01273     7.13313  0.00589805
      4.087     7.14114  0.00585101
    3.02472     7.14915  0.00580434
     2.0136     7.15716  0.00575805
    6.46304     7.16517  0.00571212
    4.11158     7.17317  0.00566656
    2.77766     7.18118  0.00562136
    2.09494     7.18919  0.00557653
    2.15627      7.1972  0.00553205
    2.13652     7.20521  0.00548792
    2.70708     7.21321  0.00544415
    2.77159     7.22122  0.00540073
    2.17095     7.22923  0.00535765
    2.93032     7.23724  0.00531492
    2.20747     7.24525  0.00527253
    2.12623     7.25325  0.00523047
    2.19143     7.26126  0.00518876
    3.38595     7.26927  0.00514737
    3.03105     7.27728  0.00510631
    3.34835     7.28529  0.00506559
    2.98311     7.29329  0.00502518
    2.06797      7.3013   0.0049851
    3.10098     7.30931  0.00494534
    2.80069     7.31732   0.0049059
    3.45157     7.32533  0.00486677
    4.17017     7.33333  0.00482795
    2.49203     7.34134  0.00478944
    2.34445     7.34935  0.00475124
    4.99182     7.35736  0.00471335
    2.18943     7.36537  0.00467575
    5.55292     7.37337  0.00463846
    3.19113     7.38138  0.00460146
    2.16807     7.38939  0.00456476
    3.00285      7.3974  0.00452835
     2.9458     7.40541  0.00449223
    2.22195     7.41341   0.0044564
    3.45193     7.42142  0.00442086
    3.52276     7.42943   0.0043856
    2.78023     7.43744  0.00435062
    2.33801     7.44545  0.00431592
     4.5893     7.45345  0.00428149
     2.5071     7.46146  0.00424734
    2.10238     7.46947  0.00421347
    2.67803     7.47748  0.00417986
     2.5908     7.48549  0.00414652
    3.78079     7.49349  0.00411345
    2.05986      7.5015  0.00408064
    4.41309     7.50951  0.00404809
    2.22458     7.51752   0.0040158
    2.02177     7.52553  0.00398377
    2.85651     7.53353    0.003952
    2.45744     7.54154  0.00392048
    5.38523     7.54955  0.00388921
    2.39466     7.55756  0.00385819
    3.76566     7.56557  0.00382742
    3.01527     7.57357  0.00379689
    2.71228     7.58158   0.0037666
    2.51932     7.58959  0.00373656
    4.11825      7.5976  0.00370676
    3.90854     7.60561  0.00367719
    3.19446     7.61361  0.00364786
     2.3548     7.62162  0.00361877
      2.801     7.62963   0.0035899
    3.95333     7.63764  0.00356127
    3.47871     7.64565  0.00353287
    2.79784     7.65365  0.00350469
    2.14408     7.66166  0.00347673
    2.76491     7.66967    0.003449
    2.01386     7.67768   0.0034215
    4.65998     7.68569  0.00339421
    2.19929     7.69369  0.00336713
    2.96826      7.7017  0.00334028
    2.06417     7.70971  0.00331363
    3.25015     7.71772   0.0032872
    5.53223     7.72573  0.00326099
    2.42516     7.73373  0.00323498
    2.57218     7.74174  0.00320917
    4.82105     7.74975  0.00318358
    2.07118     7.75776  0.00315819
    2.29181     7.76577    0.003133
     4.0357     7.77377  0.00310801
    2.25418     7.78178  0.00308322
    3.10819     7.78979  0.00305863
    2.50924      7.7978  0.00303423
    2.82563     7.80581  0.00301003
    3.62044     7.81381  0.00298602
    2.84995     7.82182   0.0029622
    2.27284     7.82983  0.00293858
    3.66438     7.83784  0.00291514
    4.66074     7.84585  0.00289189
    2.22045     7.85385  0.00286882
     3.6715     7.86186  0.00284594
    2.26064     7.86987  0.00282324
    2.42557     7.87788  0.00280072
    2.18012     7.88589  0.00277838
     2.2093     7.89389  0.00275622
     3.8658      7.9019  0.00273424
    2.05993     7.90991  0.00271243
    2.82421     7.91792   0.0026908
    3.15528     7.92593  0.00266933
    2.05244     7.93393  0.00264804
     3.7365     7.94194  0.00262692
    2.04374     7.94995  0.00260597
    2.14348     7.95796  0.00258519
     3.0515     7.96597  0.00256457
    3.98718     7.97397  0.00254411
    2.79262     7.98198  0.00252382
     3.0618     7.98999  0.00250369
     2.0069       7.998  0.00248372
    4.20674     8.00601  0.00246391
    5.23548     8.01401  0.00244426
    2.86667     8.02202  0.00242476
    2.22427     8.03003  0.00240542
    3.12439     8.03804  0.00238624
    2.48022     8.04605   0.0023672
    3.52455     8.05405  0.00234832
    3.29587     8.06206  0.00232959
    2.58651     8.07007  0.00231101
    3.32102     8.07808  0.00229258
    2.48862     8.08609  0.00227429
    2.54773     8.09409  0.00225615
    3.06419      8.1021  0.00223816
    2.68755     8.11011  0.00222031
    2.00759     8.11812   0.0022026
    3.05512     8.12613  0.00218503
    4.06205     8.13413   0.0021676
    3.11683     8.14214  0.00215031
    2.18165     8.15015  0.00213316
    4.47228     8.15816  0.00211615
    3.39334     8.16617  0.00209927
    6.04389     8.17417  0.00208253
    2.08179     8.18218  0.00206591
    3.57747     8.19019  0.00204944
    3.05634      8.1982  0.00203309
    8.00156     8.20621  0.00201687
    2.37811     8.21421  0.00200079
    2.81545     8.22222  0.00198483
    4.19971     8.23023    0.001969
    2.02468     8.23824  0.00195329
    2.16383     8.24625  0.00193771
    2.60245     8.25425  0.00192226
    2.17466     8.26226  0.00190693
    2.37709     8.27027  0.00189172
    2.80303     8.27828  0.00187663
    6.25004     8.28629  0.00186166
    2.41284     8.29429  0.00184681
    3.17588      8.3023  0.00183208
    3.94362     8.31031  0.00181747
    2.70982     8.31832  0.00180297
    2.20929     8.32633  0.00178859
    2.02458     8.33433  0.00177433
     2.3122     8.34234  0.00176017
    2.10247     8.35035  0.00174614
     2.8734     8.35836  0.00173221
    3.15517     8.36637  0.00171839
    2.20475     8.37437  0.00170469
    2.29243     8.38238  0.00169109
    2.54572     8.39039   0.0016776
    3.07105      8.3984  0.00166422
    2.44137     8.40641  0.00165095
    6.64869     8.41441  0.00163778
    2.56914     8.42242  0.00162472
    2.44785     8.43043  0.00161176
     3.2563     8.43844   0.0015989
     3.5836     8.44645  0.00158615
    2.89292     8.45445   0.0015735
    2.55618     8.46246  0.00156095
    2.42898     8.47047   0.0015485
    3.89604     8.47848  0.00153615
    4.59188     8.48649  0.00152389
    2.92625     8.49449  0.00151174
    3.98803      8.5025  0.00149968
    4.20474     8.51051  0.00148772
    2.06943     8.51852  0.00147585
    3.08168     8.52653  0.00146408
    2.00018     8.53453   0.0014524
    2.20746     8.54254  0.00144082
    3.48685     8.55055  0.00142933
    2.31799     8.55856  0.00141793
    2.87047     8.56657  0.00140662
    5.01228     8.57457   0.0013954
    2.18896     8.58258  0.00138427
    2.55162     8.59059  0.00137323
    2.28683      8.5986  0.00136228
      3.385     8.60661  0.00135141
    3.26759     8.61461  0.00134063
    2.21283     8.62262  0.00132994
    3.14143     8.63063  0.00131933
    2.36346     8.63864  0.00130881
    2.01101     8.64665  0.00129837
    4.92315     8.65465  0.00128801
    2.56798     8.66266  0.00127774
    2.47207     8.67067  0.00126755
    3.11554     8.67868  0.00125744
    2.52169     8.68669  0.00124741
    2.49021     8.69469  0.00123746
    2.74757      8.7027  0.00122759
    2.56085     8.71071   0.0012178
    2.71782     8.71872  0.00120809
    2.72952     8.72673  0.00119845
     2.7901     8.73473  0.00118889
    2.21838     8.74274  0.00117941
    2.45569     8.75075     0.00117
    2.37067     8.75876  0.00116067
     2.7593     8.76677  0.00115141
    2.20783     8.77477  0.00114223
    2.18109     8.78278  0.00113312
    2.88461     8.79079  0.00112408
    3.01053      8.7988  0.00111511
    3.13187     8.80681  0.00110622
    2.08485     8.81481   0.0010974
    2.43348     8.82282  0.00108864
    4.17021     8.83083  0.00107996
    2.94817     8.83884  0.00107135
    4.54615     8.84685   0.0010628
    3.62951     8.85485  0.00105432
    5.06277     8.86286  0.00104592
    3.49008     8.87087  0.00103757
    2.17622     8.87888   0.0010293
    2.53026     8.88689  0.00102109
    4.65116     8.89489  0.00101294
    6.07329      8.9029  0.00100486
    2.12682     8.91091 0.000996849
    2.00475     8.91892 0.000988898
    2.14437     8.92693 0.000981011
    2.46627     8.93493 0.000973186
    2.26491     8.94294 0.000965424
    3.57911     8.95095 0.000957724
    2.89575     8.95896 0.000950085
    3.47713     8.96697 0.000942507
    2.52999     8.97497  0.00093499
    2.24473     8.98298 0.000927532
    2.23078     8.99099 0.000920134
    3.36875       8.999 0.000912795
    2.72635     9.00701 0.000905515
    5.90004     9.01502 0.000898292
    3.39836     9.02302 0.000891128
    4.90332     9.03103  0.00088402
    7.06196     9.03904 0.000876969
    2.73408     9.04705 0.000869974
    3.95287     9.05506 0.000863035
    3.68785     9.06306 0.000856152
    3.51308     9.07107 0.000849323
    2.44153     9.07908 0.000842549
    3.46631     9.08709 0.000835829
    2.22273      9.0951 0.000829162
    2.08148      9.1031 0.000822549
    2.38464     9.11111 0.000815988
    3.42448     9.11912 0.000809479
    2.47843     9.12713 0.000803023
    2.18669     9.13514 0.000796618
    2.96546     9.14314 0.000790264
    3.06852     9.15115 0.000783961
    2.13667     9.15916 0.000777708
    3.26873     9.16717 0.000771505
    2.04802     9.17518 0.000765352
    3.73408     9.18318 0.000759247
    3.74525     9.19119 0.000753191
    2.07899      9.1992 0.000747184
    3.37966     9.20721 0.000741224
    2.65423     9.21522 0.000735312
    5.27878     9.22322 0.000729447
    3.23456     9.23123 0.000723629
    4.29282     9.23924 0.000717858
    3.06344     9.24725 0.000712132
     2.1948     9.25526 0.000706452
    2.71143     9.26326 0.000700817
    3.60533     9.27127 0.000695228
    5.04162     9.27928 0.000689682
    3.02581     9.28729 0.000684182
    2.25331      9.2953 0.000678724
    3.87823      9.3033 0.000673311
    2.99624     9.31131 0.000667941
    2.71631     9.31932 0.000662613
    2.25394     9.32733 0.000657328
    2.02095     9.33534 0.000652085
     2.6767     9.34334 0.000646884
    2.02324     9.35135 0.000641725
    2.74902     9.35936 0.000636606
     2.9071     9.36737 0.000631529
    2.92771     9.37538 0.000626491
    2.56431     9.38338 0.000621495
    2.81995     9.39139 0.000616538
     2.2698      9.3994  0.00061162
    2.64677     9.40741 0.000606742
    2.55596     9.41542 0.000601902
    2.05123     9.42342 0.000597102
    2.12068     9.43143 0.000592339
    5.29061     9.43944 0.000587614
    2.26592     9.44745 0.000582928
    2.96274     9.45546 0.000578278
     2.7955     9.46346 0.000573666
    2.81485     9.47147  0.00056909
    5.05734     9.47948 0.000564551
    6.01402     9.48749 0.000560048
    2.27195      9.4955 0.000555581
    3.83484      9.5035  0.00055115
    2.56373     9.51151 0.000546754
     2.3975     9.51952 0.000542393
    3.08997     9.52753 0.000538067
    3.17794     9.53554 0.000533775
    2.24877     9.54354 0.000529518
    2.05453     9.55155 0.000525294
    2.10689     9.55956 0.000521105
    2.72109     9.56757 0.000516948
    2.37849     9.57558 0.000512825
     4.9292     9.58358 0.000508735
    3.07027     9.59159 0.000504677
    3.75981      9.5996 0.000500652
     2.4175     9.60761 0.000496659
    3.00565     9.61562 0.000492697
    3.42418     9.62362 0.000488768
    4.15427     9.63163 0.000484869
    3.01779     9.63964 0.000481002
    3.92483     9.64765 0.000477165
    2.47428     9.65566 0.000473359
    3.06292     9.66366 0.000469584
    2.48531     9.67167 0.000465838
    2.69303     9.67968 0.000462123
    2.00761     9.68769 0.000458437
    3.31715      9.6957  0.00045478
    2.55268      9.7037 0.000451153
    2.97525     9.71171 0.000447555
    2.84066     9.71972 0.000443985
    2.78021     9.72773 0.000440444
    2.97134     9.73574 0.000436931
    2.10684     9.74374 0.000433446
    2.60878     9.75175 0.000429989
    2.74002     9.75976 0.000426559
    2.26953     9.76777 0.000423157
    2.19195     9.77578 0.000419782
    2.46511     9.78378 0.000416433
    3.27219     9.79179 0.000413112
    3.59661      9.7998 0.000409817
    4.26669     9.80781 0.000406548
    4.52172     9.81582 0.000403306
    5.28181     9.82382 0.000400089
    4.35578     9.83183 0.000396898
    2.48565     9.83984 0.000393732
    2.53474     9.84785 0.000390592
    3.45825     9.85586 0.000387476
    3.21308     9.86386 0.000384386
    7.10254     9.87187  0.00038132
    3.23352     9.87988 0.000378278
    6.34861     9.88789 0.000375261
    2.75031      9.8959 0.000372268
    3.74587      9.9039 0.000369299
    5.79314     9.91191 0.000366353
    2.39103     9.91992 0.000363431
    2.29089     9.92793 0.000360533
    2.44454     9.93594 0.000357657
     2.5581     9.94394 0.000354804
    2.11952     9.95195 0.000351974
     3.4078     9.95996 0.000349167
    5.72896     9.96797 0.000346382
    3.00989     9.97598 0.000343619
    2.63399     9.98398 0.000340879
    3.87136     9.99199  0.00033816
    3.49133          10 0.000335463