bbar
0.340323
0.566630
0.152504

r0 = 
1.000000 -0.128887 -0.025904 0.066501 0.111348 -0.018666 -0.141869 
-0.128887 1.000000 0.022994 -0.151072 -0.078089 0.059290 -0.129060 
-0.025904 0.022994 1.000000 -0.050630 0.336051 -0.042454 0.002356 
0.066501 -0.151072 -0.050630 1.000000 0.128295 -0.008144 0.005412 
0.111348 -0.078089 0.336051 0.128295 1.000000 0.324796 -0.056108 
-0.018666 0.059290 -0.042454 -0.008144 0.324796 1.000000 0.035957 
-0.141869 -0.129060 0.002356 0.005412 -0.056108 0.035957 1.000000 

ar 
0.000000
stein loss 
3.132819
