Full Conditional Version run with: 100 burnin 10
Beta avg
    0.755144      1.05007     0.195759
    0.930957     0.766448   -0.0486017
     1.17278     0.729039   -0.0388299
     1.05689     0.812203   -0.0290943
     1.02719     0.759766   -0.0126416
    0.757686     0.919458   -0.0338516
     1.19403     0.988974   0.00704668
     1.13039     0.884772     0.135737
    0.647429     0.936313   0.00165811
     1.15139     0.719141   -0.0217183
     1.13628     0.804382    0.0489547
     1.21858      1.04752   -0.0598726
     1.09282      1.07362    0.0195918
    0.965965      1.01241   -0.0213658
    0.977403     0.984576   -0.0119995
     0.98379     0.941212    0.0415831
    0.934232      1.23869   0.00439565
     1.05638      1.18341    0.0677772
     1.05247     0.954668 -0.000884831
    0.897691     0.871355   0.00435246
Gamma avg
0.0738425
Factor Variance
1
OM Variance
0.967141  1.32651  1.13809  1.34272  1.59404  1.22758  1.09333  1.13903  1.56949 0.995588  1.20759  0.96412   1.0443  1.30712 0.898657 0.793538 0.857531   1.1063  1.24663   1.2174
Likelihood -1410.81
Prior factor -46.9239
Priors -128.171
Conditional of factors -1412.42
Posteriors 51.1727
Marginal Likelihood: -1591.76
