      -1        5        3
 9.67123 -13.6672  44.8017
 30.5076 -49.2718  54.9474
 50.7945 -82.3791  59.9387
 67.7029 -111.348  63.1566
   82.66 -136.177  66.2295
 95.3518 -157.426  68.9686
 106.401  -176.06  71.3449
 116.533 -191.625  73.2065
 124.349 -205.518  74.5898
 131.483 -217.233  75.9489
 137.581 -227.506  77.4849
 143.232 -236.618  78.7598
 147.161 -244.374  79.4295
 151.073 -250.981  80.4825
 154.698  -255.96   81.278
 157.408 -260.874  81.3911
 159.918 -264.784  82.1978
 161.849 -268.524   81.738
 163.787 -270.783  82.7282
  164.87 -273.815  82.6752
 166.516 -275.399  83.4743
 167.464 -277.669  83.2322
 168.537 -279.661  83.8393
 169.669 -280.971   84.048
 170.666 -282.454  84.2085
 171.433 -283.253  84.1988
  171.31 -284.491  83.8178
 171.888  -285.08  84.3654
 172.345 -285.551  84.1409
 172.506 -285.622  84.1206
 172.547 -286.386  84.2647
 173.008 -286.803  84.5596
 173.422 -287.197  85.0239
 173.502 -287.908  84.7036
 174.146 -288.166  85.1131
 174.136 -288.586  84.5496
 174.523 -288.802  84.8229
 174.516 -288.866  84.6071
  174.38 -289.003  84.9294
 174.568 -289.424  84.9952
 175.068 -289.442  85.3622
 175.055 -289.464  84.7133
 174.896 -289.926  84.6951
 175.006 -289.931  84.4238
 174.978 -289.527  85.0877
 175.419 -289.893  84.9191
 174.816 -290.259  84.6662
 174.783 -290.111  85.1603
 174.863 -290.458  84.9418
 175.153 -290.148  84.8829
 174.898 -290.202  84.7785
 174.886 -289.745  84.8433
 174.397 -289.657  85.2239
 174.674 -290.015  84.9309
 174.937 -289.857  85.0948
 174.865 -289.848  85.0509
 175.193 -289.966  84.7848
 174.945 -289.995  84.5511
 174.755 -289.917  84.9388
 174.911 -290.048  85.2079
 175.241 -289.981  84.9362
  174.82 -290.161  84.8048
 174.654 -290.378  85.7636
 175.525 -290.721  85.2093
 175.255  -290.43  85.0375
 174.965 -290.587  84.7281
  175.38 -290.453  85.1868
 175.377 -290.496  85.2587
 175.203 -290.787  84.9337
 175.175 -290.574  85.4711
 175.268 -290.608  85.2055
 175.313  -290.64  84.8691
 175.553 -290.372  84.9002
 175.422 -290.438  85.2404
 176.034 -290.349  84.9171
 175.376 -290.325  84.7623
 174.775 -290.414  85.1669
  175.24 -290.456  84.9538
 175.155 -290.584  84.8492
 175.231 -290.063  85.1086
   175.3 -290.004  85.0531
 174.883  -290.36  85.1051
 174.927  -290.29  85.1151
 175.334 -290.162  84.4156
 175.348 -289.692  84.5671
  174.87 -289.912  85.0344
 174.945 -290.077  84.9882
 174.816 -289.869  84.7767
 174.908  -289.69  84.5638
 174.703 -289.653  84.8433
 174.932 -289.467  84.8795
 174.871 -289.674  84.9409
 174.261 -289.835  85.1688
 174.863 -289.577   85.094
 174.978 -289.895  84.6572
 174.733 -290.001  84.7958
 174.564 -289.788  85.2256
   174.6 -289.768  85.1244
 175.084 -289.939  84.8754