       1.0000000       0.10291042        2.2264768      0.025000000 
       1.0000000        1.6745438        2.0043817      0.025000000 
       1.0000000       0.67701334        3.1549933      0.025000000 
       1.0000000      -0.66406945        3.8496558      0.025000000 
       1.0000000       0.50385105        2.9822482      0.025000000 
       1.0000000       0.37611798        3.3217842      0.050000000 
       1.0000000        1.4936933        2.6066604      0.050000000 
       1.0000000      -0.52011515        4.0962604      0.050000000 
       1.0000000      0.044895183        4.5629544      0.050000000 
       1.0000000       0.86279050        2.3784846      0.050000000 
       1.0000000      -0.94284447        2.8152949      0.075000000 
       1.0000000       0.51091135        4.4225229      0.075000000 
       1.0000000        1.4240683        4.7052524      0.075000000 
       1.0000000     -0.028290265        2.0079806      0.075000000 
       1.0000000      -0.14554432        2.6443217      0.075000000 
       1.0000000        1.5518698        4.3538719       0.10000000 
       1.0000000        1.7108367        3.3389563       0.10000000 
       1.0000000       0.18320879        2.0255167       0.10000000 
       1.0000000        1.3219405        4.8390134       0.10000000 
       1.0000000       0.70898389        2.4285799       0.10000000 
       1.0000000        1.1119158        2.6956190       0.12500000 
       1.0000000      -0.64243921        3.9208939       0.12500000 
       1.0000000        1.5793178        2.6892703       0.12500000 
       1.0000000      -0.35400061        2.3451636       0.12500000 
       1.0000000       0.84157019        3.1309807       0.12500000 
       1.0000000      -0.66986731        3.3315538       0.15000000 
       1.0000000       0.82290595        4.3359567       0.15000000 
       1.0000000       0.22767738        2.9759944       0.15000000 
       1.0000000        1.3932813        3.7081601       0.15000000 
       1.0000000       0.22431255        3.9053099       0.15000000 
       1.0000000        1.5499381        3.6426653       0.17500000 
       1.0000000      -0.53300098        3.2314952       0.17500000 
       1.0000000        1.2596569        2.3384624       0.17500000 
       1.0000000      -0.90841482        2.9121032       0.17500000 
       1.0000000       0.53579613        2.3047877       0.17500000 
       1.0000000        1.7604561        2.5092986       0.20000000 
       1.0000000      -0.10254185        3.0266797       0.20000000 
       1.0000000       0.23813132        4.7141562       0.20000000 
       1.0000000      -0.76395101        2.6177633       0.20000000 
       1.0000000      -0.85419758        2.2127399       0.20000000 
       1.0000000       0.48461852        2.5177581       0.22500000 
       1.0000000       0.34732511        4.9539000       0.22500000 
       1.0000000      0.035171210        2.0763839       0.22500000 
       1.0000000      0.066641269        2.5730618       0.22500000 
       1.0000000      -0.23386999        4.3917078       0.22500000 
       1.0000000      -0.74249482        3.0690497       0.25000000 
       1.0000000        1.5138158        3.7270273       0.25000000 
       1.0000000        1.8782237        4.7597054       0.25000000 
       1.0000000        1.0356716        4.4036297       0.25000000 
       1.0000000        1.0043940        2.4942042       0.25000000 
       1.0000000       0.65651665        2.9446961       0.27500000 
       1.0000000        1.0788329        2.0130613       0.27500000 
       1.0000000      0.049854931        2.6157348       0.27500000 
       1.0000000       0.48754087        3.6583430       0.27500000 
       1.0000000        1.6716963        2.0567361       0.27500000 
       1.0000000        1.0011293        4.2840570       0.30000000 
       1.0000000      -0.57803808        2.6182298       0.30000000 
       1.0000000      -0.12983696        4.6375977       0.30000000 
       1.0000000        1.8458526        2.9851086       0.30000000 
       1.0000000        1.4478317        3.6149551       0.30000000 
       1.0000000      -0.20795010        3.8859461       0.32500000 
       1.0000000       0.57176065        4.0726713       0.32500000 
       1.0000000       0.60380036        3.8290939       0.32500000 
       1.0000000       0.50610962        4.2457382       0.32500000 
       1.0000000       0.82029874        3.0675850       0.32500000 
       1.0000000        1.4628798        4.7102809       0.35000000 
       1.0000000       0.69684313        2.0602980       0.35000000 
       1.0000000       0.52506096        2.1804533       0.35000000 
       1.0000000       0.80047516        2.7544561       0.35000000 
       1.0000000        1.6213992        4.6779995       0.35000000 
       1.0000000        1.1907489        4.7518397       0.37500000 
       1.0000000        1.9906512        3.6978936       0.37500000 
       1.0000000      -0.55961067        3.0255813       0.37500000 
       1.0000000       0.75971521        3.3518699       0.37500000 
       1.0000000       0.67540594        2.0135927       0.37500000 
       1.0000000      -0.21751166        2.0409901       0.40000000 
       1.0000000       0.10621858        2.8160428       0.40000000 
       1.0000000       0.18220042        4.4261689       0.40000000 
       1.0000000      -0.13196657        4.5553564       0.40000000 
       1.0000000      0.046808471        3.2692902       0.40000000 
       1.0000000      -0.42242671        2.9054474       0.42500000 
       1.0000000        1.8823105        2.5446931       0.42500000 
       1.0000000      -0.46817863        4.0498324       0.42500000 
       1.0000000        1.6700479        4.0088959       0.42500000 
       1.0000000      -0.88981996        3.0733824       0.42500000 
       1.0000000        1.1387145        3.6029444       0.45000000 
       1.0000000      -0.61812446        3.7172802       0.45000000 
       1.0000000        1.0873755        4.5842394       0.45000000 
       1.0000000      -0.64694311        4.7187401       0.45000000 
       1.0000000        1.7198238        3.5805882       0.45000000 
       1.0000000        1.4003420        3.3037275       0.47500000 
       1.0000000        1.9105617        3.7660686       0.47500000 
       1.0000000      -0.58294417        3.9897832       0.47500000 
       1.0000000      -0.44390560        4.5135607       0.47500000 
       1.0000000       0.73258611        3.3746104       0.47500000 
       1.0000000      -0.39044206        3.1200189       0.50000000 
       1.0000000       0.14164749        3.2218280       0.50000000 
       1.0000000        1.4894774        2.9651990       0.50000000 
       1.0000000      -0.91369819        4.5957183       0.50000000 
       1.0000000      -0.76783788        4.6901462       0.50000000 
       1.0000000       0.35682297        3.2294200       0.52500000 
       1.0000000      -0.54060672        4.1057699       0.52500000 
       1.0000000        1.3054248        2.4233182       0.52500000 
       1.0000000        1.8961451        4.5017948       0.52500000 
       1.0000000      -0.31301210        2.7498761       0.52500000 
       1.0000000        1.2346044        4.2597724       0.55000000 
       1.0000000        1.5407259        2.3753344       0.55000000 
       1.0000000        1.5382133        3.1181781       0.55000000 
       1.0000000        1.1937236        2.0850692       0.55000000 
       1.0000000       0.55036090        2.5303880       0.55000000 
       1.0000000      -0.81104072        3.8054565       0.57500000 
       1.0000000        1.1541816        4.2350430       0.57500000 
       1.0000000        1.9042907        2.7383302       0.57500000 
       1.0000000        1.2601954        3.8604552       0.57500000 
       1.0000000        1.5224396        2.8520541       0.57500000 
       1.0000000        1.5147332        3.0477974       0.60000000 
       1.0000000      -0.97725047        4.5933422       0.60000000 
       1.0000000       0.86174072        3.6393417       0.60000000 
       1.0000000       0.68092482        2.9837690       0.60000000 
       1.0000000      0.091139311        2.8754715       0.60000000 
       1.0000000        1.3705729        2.9319013       0.62500000 
       1.0000000        1.5059460        4.7150909       0.62500000 
       1.0000000       0.44767785        4.3136640       0.62500000 
       1.0000000      -0.32468443        3.2758923       0.62500000 
       1.0000000       0.35362619        3.3374204       0.62500000 
       1.0000000       0.34906671        4.4212156       0.65000000 
       1.0000000       0.98158347        3.6037998       0.65000000 
       1.0000000     -0.071410886        2.6364420       0.65000000 
       1.0000000      -0.49761034        4.2810497       0.65000000 
       1.0000000        1.8568028        3.9775167       0.65000000 
       1.0000000       0.42719463        4.6321180       0.67500000 
       1.0000000      -0.15644843        4.9747785       0.67500000 
       1.0000000        1.3822975        2.9372894       0.67500000 
       1.0000000      -0.58003973        3.3742988       0.67500000 
       1.0000000        1.0745835        3.3435026       0.67500000 
       1.0000000       0.85337301        3.4338918       0.70000000 
       1.0000000        1.4210695        2.5259698       0.70000000 
       1.0000000       0.39101112        2.5993603       0.70000000 
       1.0000000      -0.50912761        2.9568970       0.70000000 
       1.0000000        1.0729519        3.7058708       0.70000000 
       1.0000000     -0.050090150        3.2274734       0.72500000 
       1.0000000        1.4009270        3.8171318       0.72500000 
       1.0000000       0.79531890        3.9503502       0.72500000 
       1.0000000        1.9062758        4.3687561       0.72500000 
       1.0000000      -0.49455198        4.4680742       0.72500000 
       1.0000000        1.5656612        3.8593370       0.75000000 
       1.0000000        1.9998314        4.5958680       0.75000000 
       1.0000000        1.0043685        4.8708547       0.75000000 
       1.0000000       0.18929679        2.1222694       0.75000000 
       1.0000000       0.94165385        3.1365535       0.75000000 
       1.0000000        1.0867885        3.4659437       0.77500000 
       1.0000000       0.30819719        4.6468892       0.77500000 
       1.0000000       0.63210263        3.9289780       0.77500000 
       1.0000000        1.3397357        3.8300460       0.77500000 
       1.0000000      -0.75396107        2.0836436       0.77500000 
       1.0000000        1.6609166        2.6003589       0.80000000 
       1.0000000       0.85896316        3.1684819       0.80000000 
       1.0000000       0.35680554        3.9732482       0.80000000 
       1.0000000       0.44295551        3.6381221       0.80000000 
       1.0000000      -0.77617675        3.9364868       0.80000000 
       1.0000000        1.1030868        4.3969836       0.82500000 
       1.0000000       0.23465585        3.7822681       0.82500000 
       1.0000000        1.2394190        4.4374415       0.82500000 
       1.0000000      -0.31960370        3.0801268       0.82500000 
       1.0000000       0.36456959        3.7856570       0.82500000 
       1.0000000     -0.094678163        2.3447919       0.85000000 
       1.0000000       0.53960695        2.5205716       0.85000000 
       1.0000000     -0.037201272        2.1630079       0.85000000 
       1.0000000      -0.73883563        4.3610645       0.85000000 
       1.0000000      -0.66767097        2.5267616       0.85000000 
       1.0000000      -0.31753847        3.6004437       0.87500000 
       1.0000000     -0.014785143        2.3146883       0.87500000 
       1.0000000       0.46791685        3.1938169       0.87500000 
       1.0000000        1.0072143        3.7062000       0.87500000 
       1.0000000      0.052712882        2.2599348       0.87500000 
       1.0000000      -0.38160131        4.7415963       0.90000000 
       1.0000000       0.79254412        2.3323501       0.90000000 
       1.0000000       0.21069520        4.6935602       0.90000000 
       1.0000000       0.13233156        4.0726559       0.90000000 
       1.0000000        1.8898082        2.3285318       0.90000000 
       1.0000000      -0.31656978        3.0286942       0.92500000 
       1.0000000        1.3978630        3.9479734       0.92500000 
       1.0000000       0.66428587        2.0704204       0.92500000 
       1.0000000       0.14370046        3.2470031       0.92500000 
       1.0000000        1.7171140        3.5531099       0.92500000 
       1.0000000      -0.18322606        2.9487692       0.95000000 
       1.0000000       0.35047893        4.7292670       0.95000000 
       1.0000000      -0.35443706        2.8047761       0.95000000 
       1.0000000       0.36214386        3.6444665       0.95000000 
       1.0000000       0.21981379        4.3316458       0.95000000 
       1.0000000        1.2557403        3.3959122       0.97500000 
       1.0000000        1.8652555        3.5210079       0.97500000 
       1.0000000      0.066175377        4.3932380       0.97500000 
       1.0000000        1.2772113        3.1488624       0.97500000 
       1.0000000        1.8397475        4.8265081       0.97500000 
       1.0000000       0.42323831        4.1613424        1.0000000 
       1.0000000      -0.53681480        2.1039904        1.0000000 
       1.0000000        1.0520747        3.3628306        1.0000000 
       1.0000000        1.2887519        3.2595789        1.0000000 
       1.0000000      -0.56573885        2.2173411        1.0000000 
       1.0000000       0.24767783        2.4342372        1.0250000 
       1.0000000        1.6463266        2.4324792        1.0250000 
       1.0000000       0.56898456        4.1950126        1.0250000 
       1.0000000      -0.26711206        4.0646257        1.0250000 
       1.0000000      -0.98724070        3.8565362        1.0250000 
       1.0000000       0.87691303        4.6017675        1.0500000 
       1.0000000        1.3736168        2.8009829        1.0500000 
       1.0000000        1.2152328        4.7841057        1.0500000 
       1.0000000        1.0989531        2.2407038        1.0500000 
       1.0000000        1.5916596        4.2497216        1.0500000 
       1.0000000        1.8851502        3.6206748        1.0750000 
       1.0000000        1.2812818        2.3806674        1.0750000 
       1.0000000       0.25063323        3.1030220        1.0750000 
       1.0000000       0.98415243        4.4113698        1.0750000 
       1.0000000        1.0251113        4.0006904        1.0750000 
       1.0000000       0.11217550        3.8836990        1.1000000 
       1.0000000       0.62694962        4.8193116        1.1000000 
       1.0000000        1.0170168        4.3289507        1.1000000 
       1.0000000      -0.38707345        2.4130096        1.1000000 
       1.0000000       0.26682793        2.5638264        1.1000000 
       1.0000000      -0.53587954        3.8487484        1.1250000 
       1.0000000       0.81296940        4.6427707        1.1250000 
       1.0000000      -0.39414901        3.5923801        1.1250000 
       1.0000000       0.83225589        2.2502348        1.1250000 
       1.0000000      -0.56403303        4.7652963        1.1250000 
       1.0000000        1.6230190        4.5810838        1.1500000 
       1.0000000       0.34182749        2.1610122        1.1500000 
       1.0000000      -0.88800541        3.4829516        1.1500000 
       1.0000000       0.50956521        3.6436326        1.1500000 
       1.0000000        1.7311904        2.2583707        1.1500000 
       1.0000000       0.45715017        2.1624531        1.1750000 
       1.0000000        1.5869741        4.9844649        1.1750000 
       1.0000000      -0.15710987        4.0964403        1.1750000 
       1.0000000        1.4051475        3.9413911        1.1750000 
       1.0000000     -0.099192307        4.6765167        1.1750000 
       1.0000000        1.6332319        2.6850533        1.2000000 
       1.0000000      -0.97867317        3.0099429        1.2000000 
       1.0000000      -0.24791126        3.8923842        1.2000000 
       1.0000000       0.21738125        4.4371419        1.2000000 
       1.0000000      -0.76916419        2.2862012        1.2000000 
       1.0000000       0.67992393        3.7745564        1.2250000 
       1.0000000      -0.91070827        2.1487928        1.2250000 
       1.0000000      -0.97962786        4.1250563        1.2250000 
       1.0000000       0.64839375        2.0964755        1.2250000 
       1.0000000        1.3082642        4.5575330        1.2250000 
       1.0000000       0.18868123        2.3488863        1.2500000 
       1.0000000      -0.67216586        4.7571198        1.2500000 
       1.0000000      -0.16247634        2.6242377        1.2500000 
       1.0000000      -0.21517262        2.9144728        1.2500000 
       1.0000000      -0.49520465        4.4626561        1.2500000 
       1.0000000        1.1821855        3.3442222        1.2750000 
       1.0000000        1.0216598        4.1615675        1.2750000 
       1.0000000     -0.062279907        4.7865765        1.2750000 
       1.0000000       0.24552531        2.0373602        1.2750000 
       1.0000000       0.72607561        2.7396108        1.2750000 
       1.0000000        1.7135696        2.3437719        1.3000000 
       1.0000000        1.1786481        2.6805170        1.3000000 
       1.0000000        1.8950036        3.3170914        1.3000000 
       1.0000000        1.6561815        3.3495230        1.3000000 
       1.0000000       0.14595713        4.4188558        1.3000000 
       1.0000000      -0.99299449        2.5778013        1.3250000 
       1.0000000      -0.45198419        3.3457433        1.3250000 
       1.0000000      -0.27319137        4.1279981        1.3250000 
       1.0000000        1.8495266        2.7113274        1.3250000 
       1.0000000     -0.069043447        2.8705007        1.3250000 
       1.0000000        1.1653102        2.9127501        1.3500000 
       1.0000000       0.72517214        2.0277441        1.3500000 
       1.0000000       0.86288244        4.5147160        1.3500000 
       1.0000000      -0.89761590        3.3702235        1.3500000 
       1.0000000      -0.39081817        2.9509747        1.3500000 
       1.0000000        1.0902318        3.8289342        1.3750000 
       1.0000000        1.8086403        2.3971749        1.3750000 
       1.0000000        1.7125807        3.1872036        1.3750000 
       1.0000000      -0.93129608        2.7461206        1.3750000 
       1.0000000      -0.90304254        2.0178075        1.3750000 
       1.0000000      -0.17987640        3.6545449        1.4000000 
       1.0000000        1.9455566        4.0263825        1.4000000 
       1.0000000        1.2339836        4.0670416        1.4000000 
       1.0000000       0.27789871        2.1369500        1.4000000 
       1.0000000        1.0530213        4.3952548        1.4000000 
       1.0000000      -0.96415997        3.1973580        1.4250000 
       1.0000000        1.3288156        3.0763257        1.4250000 
       1.0000000      -0.49606551        3.7791303        1.4250000 
       1.0000000      -0.73361829        4.4914319        1.4250000 
       1.0000000        1.7276449        3.3850750        1.4250000 
       1.0000000      -0.13889056        3.6305267        1.4500000 
       1.0000000       0.89607726        3.1465641        1.4500000 
       1.0000000        1.7073168        4.3805988        1.4500000 
       1.0000000       0.18228023        3.9781335        1.4500000 
       1.0000000       0.70046517        2.3294196        1.4500000 
       1.0000000      -0.50979314        4.8474849        1.4750000 
       1.0000000       0.28379293        3.4523313        1.4750000 
       1.0000000      -0.86932300        2.5015892        1.4750000 
       1.0000000      -0.15772751        4.4236546        1.4750000 
       1.0000000      -0.67339088        4.3518925        1.4750000 
       1.0000000       0.75988231        2.5042518        1.5000000 
       1.0000000      -0.18209263        2.4511207        1.5000000 
       1.0000000     -0.032291688        4.4401842        1.5000000 
       1.0000000      -0.61380589        2.2783580        1.5000000 
       1.0000000        1.4578503        4.5017340        1.5000000 
       1.0000000      -0.96342924        3.5754395        1.5250000 
       1.0000000      -0.34099227        4.1348389        1.5250000 
       1.0000000      -0.45473093        4.4337573        1.5250000 
       1.0000000      -0.29854608        2.6256936        1.5250000 
       1.0000000      -0.70407764        2.4038164        1.5250000 
       1.0000000      -0.12061653        3.1314264        1.5500000 
       1.0000000        1.4707411        4.2778100        1.5500000 
       1.0000000     -0.015174170        2.3428395        1.5500000 
       1.0000000       0.92361867        4.5656008        1.5500000 
       1.0000000      -0.92303124        3.3567291        1.5500000 
       1.0000000        1.1276243        2.2342970        1.5750000 
       1.0000000        1.6013199        4.9827611        1.5750000 
       1.0000000        1.6469553        3.1986071        1.5750000 
       1.0000000      0.022158641        3.1307750        1.5750000 
       1.0000000       0.32072724        3.0208344        1.5750000 
       1.0000000        1.2166920        4.0562273        1.6000000 
       1.0000000     -0.049527926        4.4932427        1.6000000 
       1.0000000        1.2377247        2.5217574        1.6000000 
       1.0000000      -0.55760598        4.9190752        1.6000000 
       1.0000000        1.6209925        4.2990700        1.6000000 
       1.0000000      -0.74320006        2.1692541        1.6250000 
       1.0000000       0.63107832        3.3249774        1.6250000 
       1.0000000       0.34817617        4.6572172        1.6250000 
       1.0000000       0.64354397        2.1760296        1.6250000 
       1.0000000        1.7276256        4.4319641        1.6250000 
       1.0000000       0.68805715        2.7751855        1.6500000 
       1.0000000        1.0323085        3.3266900        1.6500000 
       1.0000000       0.96538023        2.3289365        1.6500000 
       1.0000000      -0.76835215        4.7048775        1.6500000 
       1.0000000      -0.66238968        4.8516963        1.6500000 
       1.0000000       0.52486481        2.5048963        1.6750000 
       1.0000000        1.3135213        4.2036025        1.6750000 
       1.0000000      -0.22359854        4.1855274        1.6750000 
       1.0000000      -0.65324313        4.7856516        1.6750000 
       1.0000000       0.18246861        4.5058837        1.6750000 
       1.0000000      -0.72854073        4.8397995        1.7000000 
       1.0000000      -0.54917700        3.0214406        1.7000000 
       1.0000000       0.85519267        2.1288072        1.7000000 
       1.0000000       0.29443294        4.4308207        1.7000000 
       1.0000000       0.69022993        4.5586981        1.7000000 
       1.0000000      -0.32456605        3.6530931        1.7250000 
       1.0000000      -0.59107916        2.4932174        1.7250000 
       1.0000000       0.67620536        4.4401522        1.7250000 
       1.0000000        1.4344456        3.0321425        1.7250000 
       1.0000000      -0.69298395        4.6207345        1.7250000 
       1.0000000       0.60228051        4.8211945        1.7500000 
       1.0000000      -0.32800755        3.4193102        1.7500000 
       1.0000000       0.94766386        3.9681364        1.7500000 
       1.0000000      -0.10534628        2.8819538        1.7500000 
       1.0000000       0.18774908        4.7949146        1.7500000 
       1.0000000        1.7384390        2.9598538        1.7750000 
       1.0000000      -0.12853311        2.3969149        1.7750000 
       1.0000000       0.13401875        2.4368622        1.7750000 
       1.0000000      -0.73710709        3.7450490        1.7750000 
       1.0000000      -0.46876316        2.3279143        1.7750000 
       1.0000000       0.70262724        4.2919771        1.8000000 
       1.0000000        1.3167722        3.8077689        1.8000000 
       1.0000000        1.8938415        4.1677921        1.8000000 
       1.0000000      -0.83346149        3.8418193        1.8000000 
       1.0000000        1.2227342        3.0104546        1.8000000 
       1.0000000        1.3219583        3.6702230        1.8250000 
       1.0000000       0.28465981        3.7096644        1.8250000 
       1.0000000      -0.92094953        2.8307722        1.8250000 
       1.0000000        1.1846561        2.7871915        1.8250000 
       1.0000000       0.44626584        4.6822989        1.8250000 
       1.0000000        1.3519947        3.2294627        1.8500000 
       1.0000000        1.6486810        3.0964609        1.8500000 
       1.0000000        1.4902140        3.2669095        1.8500000 
       1.0000000        1.1200316        3.3089972        1.8500000 
       1.0000000      -0.68563115        3.2967344        1.8500000 
       1.0000000      -0.48238198        3.5494715        1.8750000 
       1.0000000      -0.15655962        3.8088346        1.8750000 
       1.0000000      -0.69413920        2.1886397        1.8750000 
       1.0000000       0.65549905        3.2361501        1.8750000 
       1.0000000      -0.73028888        4.4423817        1.8750000 
       1.0000000      -0.38620002        3.0481595        1.9000000 
       1.0000000      -0.87326002        4.3381300        1.9000000 
       1.0000000        1.5710123        2.5771494        1.9000000 
       1.0000000        1.8940338        4.3714082        1.9000000 
       1.0000000        1.3937456        2.9487166        1.9000000 
       1.0000000      -0.97948301        4.2439572        1.9250000 
       1.0000000        1.7579354        2.5182357        1.9250000 
       1.0000000        1.2045002        4.9684851        1.9250000 
       1.0000000        1.4849851        3.3312380        1.9250000 
       1.0000000       0.46762316        3.6358163        1.9250000 
       1.0000000        1.1563337        2.7652936        1.9500000 
       1.0000000      -0.86258867        4.9556455        1.9500000 
       1.0000000        1.2978347        3.6115749        1.9500000 
       1.0000000        1.0889126        2.4897212        1.9500000 
       1.0000000      -0.99752789        4.8533055        1.9500000 
       1.0000000        1.5988061        4.9835842        1.9750000 
       1.0000000      -0.60196696        2.2332544        1.9750000 
       1.0000000       0.66049389        3.5574846        1.9750000 
       1.0000000       0.30287534        3.8108414        1.9750000 
       1.0000000        1.2834923        3.4262738        1.9750000 
       1.0000000        1.6853905        3.0287462        2.0000000 
       1.0000000        1.3424285        3.4694403        2.0000000 
       1.0000000      -0.41133841        4.7766969        2.0000000 
       1.0000000      -0.36236810        3.0535112        2.0000000 
       1.0000000        1.9386506        2.4938157        2.0000000 
       1.0000000      -0.83182779        4.2072821        2.0250000 
       1.0000000      -0.44047570        2.9280549        2.0250000 
       1.0000000       0.88675628        4.2532693        2.0250000 
       1.0000000      -0.28906332        4.7093380        2.0250000 
       1.0000000       0.59163261        4.4938959        2.0250000 
       1.0000000     -0.023262437        3.8295457        2.0500000 
       1.0000000        1.8010860        3.2257267        2.0500000 
       1.0000000       0.31015931        3.3949479        2.0500000 
       1.0000000      -0.36128012        3.3970582        2.0500000 
       1.0000000       0.91455996        3.0625804        2.0500000 
       1.0000000        1.6200301        2.3208541        2.0750000 
       1.0000000      -0.65123969        3.3289007        2.0750000 
       1.0000000        1.9602641        4.1938770        2.0750000 
       1.0000000      -0.77058825        3.7443329        2.0750000 
       1.0000000       0.30774088        4.4414289        2.0750000 
       1.0000000      0.097167135        4.1185188        2.1000000 
       1.0000000      -0.16682528        4.2928497        2.1000000 
       1.0000000      -0.14379937        4.2957453        2.1000000 
       1.0000000      -0.93840290        3.1833552        2.1000000 
       1.0000000        1.6253335        2.0555997        2.1000000 
       1.0000000       0.90671788        2.7604138        2.1250000 
       1.0000000        1.2911708        3.5679316        2.1250000 
       1.0000000      -0.25450699        2.1351634        2.1250000 
       1.0000000        1.4667407        3.5411592        2.1250000 
       1.0000000        1.2407850        3.7488644        2.1250000 
       1.0000000      -0.62934954        2.1863551        2.1500000 
       1.0000000       0.66980645        4.5085641        2.1500000 
       1.0000000       0.28923520        2.3138866        2.1500000 
       1.0000000       0.93302924        3.8725132        2.1500000 
       1.0000000       0.20507303        3.7221540        2.1500000 
       1.0000000        1.8899218        2.0219322        2.1750000 
       1.0000000      -0.19292310        2.4666849        2.1750000 
       1.0000000      -0.61825616        3.3289661        2.1750000 
       1.0000000       0.87764632        2.0499902        2.1750000 
       1.0000000       0.94518269        4.7085957        2.1750000 
       1.0000000       0.91857333        4.9856720        2.2000000 
       1.0000000       0.98135778        3.3123920        2.2000000 
       1.0000000      -0.73295445        2.0017977        2.2000000 
       1.0000000      -0.28985080        4.0718034        2.2000000 
       1.0000000       0.80367498        2.2960186        2.2000000 
       1.0000000      -0.20257647        4.0156588        2.2250000 
       1.0000000      -0.89649535        4.1758027        2.2250000 
       1.0000000        1.7800350        2.7582484        2.2250000 
       1.0000000       0.46590638        2.0489963        2.2250000 
       1.0000000      -0.48202796        3.2682121        2.2250000 
       1.0000000        1.1176809        2.5101936        2.2500000 
       1.0000000        1.5621990        4.6720202        2.2500000 
       1.0000000        1.9530082        3.1346119        2.2500000 
       1.0000000      -0.27189007        2.6065708        2.2500000 
       1.0000000        1.8916684        4.9808134        2.2500000 
       1.0000000    -0.0044333774        4.2008627        2.2750000 
       1.0000000      -0.75933459        3.6542026        2.2750000 
       1.0000000       0.30473382        4.3243146        2.2750000 
       1.0000000        1.7715341        4.5322517        2.2750000 
       1.0000000        1.5698561        4.9766105        2.2750000 
       1.0000000       0.51369596        4.3373672        2.3000000 
       1.0000000        1.4782369        4.7984394        2.3000000 
       1.0000000     -0.049246266        2.1017087        2.3000000 
       1.0000000      -0.93351580        3.3416812        2.3000000 
       1.0000000       0.32907595        4.6376080        2.3000000 
       1.0000000        1.8580826        2.1389541        2.3250000 
       1.0000000       0.58391943        4.3450088        2.3250000 
       1.0000000        1.1930264        4.4434964        2.3250000 
       1.0000000       0.89517536        4.4910592        2.3250000 
       1.0000000       0.46912052        3.9585952        2.3250000 
       1.0000000       0.54009722        3.4241372        2.3500000 
       1.0000000      0.033107189        4.6287077        2.3500000 
       1.0000000      -0.54842019        4.4726754        2.3500000 
       1.0000000       0.59551971        3.8095332        2.3500000 
       1.0000000      -0.84479279        3.9656748        2.3500000 
       1.0000000       0.98359519        3.5591031        2.3750000 
       1.0000000       0.48387334        3.8342571        2.3750000 
       1.0000000        1.9791937        3.5839464        2.3750000 
       1.0000000      -0.90719761        4.0495069        2.3750000 
       1.0000000        1.6009772        2.2210666        2.3750000 
       1.0000000        1.2577570        2.6586859        2.4000000 
       1.0000000        1.6695931        3.9253367        2.4000000 
       1.0000000        1.1726209        2.8371800        2.4000000 
       1.0000000        1.5287876        3.7504690        2.4000000 
       1.0000000        1.9068785        3.1147467        2.4000000 
       1.0000000       0.57174033        2.4474631        2.4250000 
       1.0000000      -0.22371324        3.1992821        2.4250000 
       1.0000000       0.42796735        4.7448623        2.4250000 
       1.0000000      -0.94125244        2.5469101        2.4250000 
       1.0000000        1.4893813        4.3077663        2.4250000 
       1.0000000        1.1895339        2.4512217        2.4500000 
       1.0000000        1.5820273        4.4848543        2.4500000 
       1.0000000       0.73311275        4.8844516        2.4500000 
       1.0000000       0.21012979        2.4321619        2.4500000 
       1.0000000       0.99032871        4.0567799        2.4500000 
       1.0000000       0.59889175        3.2365383        2.4750000 
       1.0000000        1.9971735        2.6042803        2.4750000 
       1.0000000        1.9294782        2.4380746        2.4750000 
       1.0000000        1.3422662        2.9088111        2.4750000 
       1.0000000      -0.61870389        3.5568511        2.4750000 
       1.0000000      -0.38799636        2.2318555        2.5000000 
       1.0000000      0.060551265        3.0525903        2.5000000 
       1.0000000      -0.19738569        2.5464673        2.5000000 
       1.0000000      -0.71238525        2.2737372        2.5000000 
       1.0000000        1.6545606        2.1145623        2.5000000 