Full Conditional Version run with: 10000 burnin 1000
Beta avg
   0.450156   -0.114805    0.549065  -0.0945543    0.885738
   0.460608   -0.340874    0.701173  -0.0040595   -0.861301
   0.177915   0.0741407    0.122503    0.669437   -0.607016
   0.563483    0.197151   0.0861688   -0.275576    -1.89161
   0.446648   -0.155457    0.738383   -0.174996    -1.23072
   0.282589  0.00797561    0.100665    0.730783   -0.588342
  -0.108779    0.190682   0.0377375 -0.00915967    -1.23334
 -0.0905834    0.260438   0.0760101   -0.126866    -1.32794
 -0.0362189    0.140163   -0.017252    0.765145   -0.385468
    1.00844    0.144869  -0.0718118  -0.0381114    -1.28337
   0.413812    0.205132    0.114431      0.1545   -0.939097
   0.575428   0.0231237  -0.0492425    0.777981   -0.600144
   0.825518  -0.0723588    0.447276   -0.338435   -0.705817
   0.730237   0.0362279    0.468886   -0.261638   -0.707223
   0.380632     0.13596    0.141544    0.581562   -0.521823
   0.617647  -0.0154066    0.386969   -0.140949    -1.24046
   0.683323  -0.0568611     0.48165   -0.212875   -0.804198
   0.476166  -0.0132901    0.271451    0.606737   -0.525248
   0.582463  -0.0656047    0.143115  -0.0632269   -0.743747
   0.638175   -0.285083    0.254965  -0.0864058   -0.495664
  -0.166727    0.142725  -0.0329787    0.847173   -0.301005
  0.0236401    0.388509    0.344491    -0.21433   -0.782704
   -0.18965    0.249401    0.364266   -0.204683    -1.01685
   0.175356  -0.0183318    0.266718    0.599319   -0.368862
  -0.179564   0.0611333    0.571951   -0.172801    -1.19193
   0.480797    0.400276    0.296544    -0.17616   -0.931111
   -0.25559   -0.255142    0.483856    0.642961   -0.538566
   0.523125   0.0548316    0.317321   -0.136923   -0.855287
   0.620433   0.0377166   0.0437336  -0.0407956   -0.818344
   0.159712    0.252819   0.0553383    0.571643   -0.686654
  -0.118036    0.254053   0.0473727   0.0577395   -0.462065
  -0.100812    0.185297    0.160653     0.12517   -0.354779
 -0.0302349   0.0634129 -0.00776832    0.853237   -0.170138
   0.506863    0.423766    0.121418   -0.134492   -0.472669
   0.601463   0.0990195     -0.3324   0.0716226   -0.296502
 -0.0248558    0.231348   0.0463558    0.782435  -0.0772374
  -0.041557    0.552689  -0.0890242  -0.0451782   -0.443723
  -0.323184    0.420484    -0.18271    0.173525   -0.245938
   0.205251   0.0299547    0.169471    0.827509    0.124146
   0.150118    0.420059   -0.155658    -0.35533    -1.00231
   0.247698    0.193458    0.072923    -0.24607   -0.618536
  0.0429774    0.236365  -0.0861055     0.60983   -0.641381
   0.308522   0.0321528    0.103745    0.302867    0.046943
   0.254945    0.147454   -0.204178    0.427097   0.0494344
   0.113872 -0.00600233    0.172734    0.789053   -0.107761
  -0.283097    0.263714  -0.0348965     0.14399    -1.02228
 -0.0673762    0.298175   -0.223577    0.218372    -0.71629
  -0.107267    0.104841   0.0587184    0.805021   -0.301789
   0.648176    0.148477    0.272968   -0.196463   -0.492586
   0.163779    0.252313    0.258516  -0.0610764    -0.39288
   0.292581     0.12324    0.056276    0.750451   -0.316244
   0.537526    0.433113   -0.102827  -0.0437616    -1.04934
   0.221611     0.35827   -0.229784    0.173233   -0.774008
   0.220467    0.215623   -0.107759    0.784082   -0.199641
   0.262883    0.287904   0.0826168    0.059761   -0.560514
   0.176395    0.513241   -0.118502    0.051683   -0.161001
  0.0884771   0.0434978     0.07448    0.842686   -0.066984
    0.37942     0.18664   0.0170688     0.16055   -0.341678
   0.192017    0.282049  -0.0350912    0.270042   -0.269283
  -0.134879   0.0949046  -0.0248988    0.884898   -0.300797
   0.635871    0.308721    0.266469   -0.227756   -0.161084
   0.474852     0.34326    0.275298   -0.172955    -0.10096
   0.595587    0.357633  -0.0703311    0.599889   0.0569027
   0.475222    0.956996   -0.494242   -0.244299   -0.205062
   0.221284    0.911831   -0.438525   -0.185437   -0.273848
  0.0920126    0.556437   -0.275431    0.746427  -0.0939218
  -0.419862     0.63634    0.209848  -0.0481574   -0.533827
  -0.248891    0.678949    0.132123   0.0166711   -0.323805
  -0.115586    0.170713    0.041097    0.831837   -0.270523
  -0.393095    0.286204    0.137214   -0.121836    -1.76504
   -0.10808  0.00918635    0.155451     0.44002   -0.875244
  -0.108426    0.085445 -0.00600628    0.827904   -0.353249
 -0.0998356    0.256158   -0.326068    0.131853    -1.78624
  0.0333845    0.133447   -0.343052    0.724975   -0.509767
 -0.0935865   0.0980896  -0.0728963    0.865683    -0.37683
    -0.1746  0.00823654    0.248968   -0.173409    -2.00062
   -0.38036   0.0782158   0.0221085    0.409488    -1.14661
  0.0133726   0.0123947    0.243266    0.630211   -0.491834
 -0.0927353    0.100581   0.0988247   -0.447343    -2.16202
  -0.039317  -0.0987143    0.179251  -0.0599442    -1.43028
  -0.144222   0.0550847   0.0226504    0.720053   -0.632318
  -0.098391    0.507862  -0.0611169   -0.419616    -1.84321
 -0.0782754    0.351183    0.114586  -0.0590716    -1.19471
   0.017212    0.147563   0.0763662    0.712772   -0.325543
  -0.472543     0.33654  -0.0686781   -0.341617    -2.30981
  -0.101981    0.233669    0.245539    0.141624   -0.802361
  -0.112053   0.0686352  -0.0247006    0.797144   -0.391125
  -0.480267   -0.150495    0.690082   -0.192689    -1.05425
 -0.0202627    0.122761    0.630264  -0.0156222   -0.317708
   -0.21396    -0.11183    0.198368    0.780128   -0.466502
 -0.0559671    0.628568   -0.100928   -0.303261     -1.2737
  -0.311883    0.720421   -0.192648   -0.314972     -1.3325
  -0.199715    0.139997    0.148703    0.630726   -0.638239
   0.760887    0.230285    0.266399   -0.214337   -0.395321
  -0.129713    0.315271    0.422726  -0.0765252   -0.795972
  0.0982202     0.39851 -0.00261487    0.691568   -0.237795
  -0.569314   0.0391092    0.271788   -0.104472    -1.63966
  -0.380273  -0.0260584    0.514705   0.0130211    -1.09583
 -0.0911882    0.100606   0.0149412    0.785756   -0.324743
   0.621056     0.22124   0.0384409   -0.322504    -1.23563
   0.664892    0.195769    0.290588  -0.0288493   -0.668134
   0.289459    0.102421   0.0405044    0.631317   -0.454274
  -0.346311    0.393438   0.0736648   -0.267423    -1.94395
  -0.247859    0.214377    0.332186    0.115131    -0.82212
 -0.0845493   0.0461066   0.0763485    0.764889   -0.342727
   0.338209    0.479244   -0.155601   0.0393019   -0.933864
   0.749846    0.215288   0.0100485    0.113464   -0.582673
   0.140505   0.0775316   0.0564788    0.816032   -0.107506
  -0.383947    0.542353   -0.338049  -0.0393565    -1.48875
  -0.131771    0.447283  -0.0764715    0.117583   -0.478218
 -0.0934502    0.138765  -0.0867723    0.821185   -0.335525
  -0.196425    0.560669   0.0306245   -0.213133    -1.28152
  -0.202182    0.373622    0.193055   -0.047417   -0.996997
 -0.0809618     0.17412  -0.0241457    0.769371   -0.365456
 -0.0527403    0.246334    0.039938   -0.466717    -2.00725
   0.164162    0.136405    0.195919   0.0543748   -0.956209
   -0.21017   0.0945575   0.0177192    0.801695   -0.409811
  0.0560389    0.304442     0.50019   -0.672984    -1.57615
 0.00603094    0.127204    0.552668   -0.215033     -1.0447
 -0.0248832    0.121872    0.128734    0.624925   -0.525208
   0.237791   -0.100418     0.36626   -0.437075    -1.81203
   0.574469  -0.0613668    0.442462   -0.283568    -1.12956
 -0.0584039 -0.00407003    0.103765    0.744731   -0.527912
   0.257223     0.15655    0.315978   0.0312562  -0.0539502
    0.29797    0.260179    0.175203   0.0523404   0.0625204
   0.255399   -0.122078    0.265065    0.818588  -0.0660168
    0.25827    0.206902   0.0386385   0.0867807   -0.329156
   0.184998    0.172749 -0.00568384   0.0464941   -0.418417
 0.00054698   0.0410037   0.0524204    0.813623   -0.126979
   0.811746    0.113813  -0.0836529   0.0939477   -0.426444
   0.795184    0.188232   -0.325191 -0.00622997  0.00618396
   0.108592  0.00975175   0.0260109    0.865384   -0.208281
   0.689866  -0.0833155  0.00599808    0.029224   -0.386267
   0.833643    0.142485   -0.228813   0.0320434   -0.369621
   0.555569   -0.155268    0.296001    0.708045    0.161601
   0.427725   -0.431866    0.191291    0.414877   -0.144831
   0.670714   -0.278357   0.0617022    0.379317   0.0183038
 -0.0233253  -0.0119328 4.60897e-05     1.02377   -0.105222
 -0.0958672    0.364365    0.148916   -0.175104    -1.19596
   0.123386    0.147499    0.373344  -0.0790036    -1.02357
  -0.193932   0.0621787    0.181428    0.786149   -0.206954
   0.633939    0.372755  -0.0618022   -0.189413    0.474711
   0.412385    0.195519   -0.151241   -0.247209    0.331585
   0.348833     0.27451   0.0847515    0.637366    0.430759
    0.28535   0.0394588  -0.0883278    0.364009   0.0420479
    -0.9621     0.32553  -0.0958065    0.438814   -0.581607
   0.688918  -0.0245591  -0.0705526    0.806155    0.230607
     1.4624   0.0952552  -0.0166451    0.083496    0.338313
    1.30505  -0.0016609   0.0527714    0.125059    0.330054
   0.368646    0.218767   -0.160173    0.878238  -0.0815969
   0.454475    0.300539  -0.0858858    0.231299   -0.286581
   0.324364    0.289415    0.110626    0.234985   -0.058311
   0.121265    0.109105   0.0136186    0.858849  0.00964388
    1.05163    0.317605  0.00423126   0.0770705   -0.609344
   0.748352    0.302348   0.0208736  -0.0280303   -0.301387
 -0.0426009   0.0649521   -0.021983    0.830205    -0.16664
 -0.0229238    0.165649    0.540861   -0.228218   -0.497978
    1.19791    0.234597    0.568514   -0.258418    -0.20966
  -0.251562 -0.00428208    0.297886    0.790896   0.0121151
     0.4848   0.0190077    0.553933   0.0986847   -0.815095
    0.76611   0.0955577   -0.153036    0.147382   0.0541751
  -0.109853   0.0446411    0.202066    0.842267   -0.360221
 -0.0135815    0.132553   0.0986177  -0.0123269    -1.32781
  0.0907798    0.308764     0.10194   0.0811093   -0.909556
 -0.0959898    0.182598  -0.0324262     0.83464    -0.24513
  -0.412018    0.182892   0.0342009    0.227369    -1.17566
 -0.0192024  -0.0133792  -0.0318668    0.680512   -0.619087
  -0.112493   0.0814158 -0.00996374    0.860568   -0.205365
   0.246375    0.184683     -0.1116    0.304152    -1.03386
   0.134408    0.152595  -0.0390546    0.284324   -0.840938
  0.0361375   0.0791136  -0.0276745    0.866626   -0.185676
   0.543479  -0.0872142    0.215713    0.123875   -0.950455
    0.97203     0.14678    0.295355   -0.251314   -0.380343
 -0.0630448   0.0163883    0.174703    0.806075   -0.252017
   0.528724    0.268566  -0.0676977   0.0463424   -0.969757
   0.532782   -0.047328    0.320479    0.166842    -0.50737
-0.00698949    0.198982  -0.0761278    0.846812   -0.203804
   0.243446    0.580316   -0.514073     0.20983   -0.712804
    0.26449    0.539215   -0.550988    0.243809   -0.577431
  -0.102851    0.327516   -0.264788    0.846293   -0.271937
Gamma avg
0.785338
Factor Variance
1
OM Variance
 3.91003 0.610959 0.178759 0.468024 0.379166 0.236203 0.739763 0.697744 0.234134 0.786164  0.66706 0.336593 0.917053 0.864899 0.347878 0.639744 0.752875 0.429509 0.961918  1.01283 0.323418 0.560941 0.593301 0.381606  0.49268 0.551216  0.31228 0.857861 0.995405 0.449779 0.911992 0.889577 0.226467 0.861913  1.00301 0.251906  0.69321 0.862413 0.353756    0.884  1.00166 0.304956 0.972661 0.882221 0.355542 0.590638 0.740151 0.178545 0.941414 0.877923 0.398701 0.766237 0.848875 0.322084 0.900985 0.894491 0.231206  1.00587 0.887873 0.233049 0.860973 0.814389   0.4753 0.774642 0.780346 0.263466 0.607135 0.646166 0.215198 0.256658 0.306825 0.114355 0.485976 0.567898 0.149421  0.32287  0.39767 0.168911 0.472855 0.635002 0.163084 0.461583 0.535456 0.168033 0.400394 0.443173   0.1267 0.469945 0.442535 0.184631 0.653694 0.623693 0.215552 0.927638 0.544053  0.38435 0.395454 0.353117 0.146607 0.771745 0.833288 0.409338 0.374043 0.362347 0.144537  0.64282 0.881939 0.309967 0.482722  0.72878 0.159339 0.299609 0.349939 0.135554 0.506261 0.661861 0.138013 0.394407 0.325409 0.140151 0.611623 0.760195 0.189557 0.898141  0.91482 0.342662 0.944259  1.02395  0.24494 0.949714  1.03557 0.310061 0.934271 0.932236 0.545605 0.917481 0.960788 0.133478  0.62233 0.636827 0.173992 0.967025  1.02715  0.41241 0.918011 0.775203 0.347172   1.0793  1.07918 0.310903 0.979887 0.837558 0.196976 0.907729  1.00093 0.211845 0.630629 0.600089 0.276319    0.697  0.95082 0.300684 0.689468  0.67601 0.210647 0.343193 0.350602 0.119764 0.774456 0.833167 0.248921 0.944995 0.949645   0.3068  0.83994 0.859052 0.227311 0.823026 0.874347 0.195945
Marginal Likelihood: -12285.9
../kowz.csv
../kowXtz.csv
./wo
