Full Conditional Version run with: 10000 burnin 1000
Beta avg
   0.0191966     0.982258    0.0189776   -0.0112555     0.673691    0.0312116    0.0574099
   0.0280096    0.0201798     0.966573   0.00125564     0.949842  0.000132412 -0.000567585
    0.058242  -0.00255189     0.016917     0.967601      1.09349   1.5233e-06  0.000710436
   0.0647721     0.987297    0.0101741   -0.0222627     0.505485  -0.00180396    0.0571021
   0.0763055    0.0135611      0.97788   -0.0181471     0.681612  -0.00176814  0.000244908
    0.189268  -0.00166653   0.00102273     0.937363      1.25279   0.00142986 -0.000873108
   -0.010346     0.974193    0.0196997    0.0115576   -0.0445765  0.000875917    0.0567222
  0.00767992    0.0176234     0.981253  -0.00755079    0.0186711   0.00144544  0.000320325
   0.0580428    0.0114615  -0.00903715     0.944907     0.339949 -0.000865831  -0.00205953
  -0.0170496     0.992093   0.00375553   0.00580558   -0.0919461    0.0298547    0.0558866
  -0.0123481   0.00375499     0.989571   0.00777453    -0.231577  0.000456867  -0.00133684
    0.234071   0.00424712  -0.00397615     0.940444      1.46411   0.00154427  0.000941356
   0.0426773     0.980645    0.0142489   -0.0188965     0.464599  0.000929132    0.0558578
   0.0492935    0.0073235     0.983446   -0.0156475     0.842461  -0.00126515  6.43969e-05
    0.150093   -0.0142808    0.0256946     0.924257      1.31744 -0.000295662  0.000326842
   0.0177362     0.978726    0.0223461  -0.00351753     0.436811     0.188493    0.0566041
   0.0102035    0.0217941     0.971089  -0.00432301     0.355186    -0.028244 -0.000313878
    0.070373   0.00931489     0.003158     0.969143     0.958815   -0.0546624  0.000141638
   0.0240144     0.966863    0.0260376  -0.00341921     0.599516   -0.0400977    0.0560136
  0.00773481    0.0208702     0.965012  -0.00479719     0.417063   -0.0318369   0.00035648
   0.0329348    -0.010081  -0.00531625     0.986592      1.05827   -0.0680472 -0.000453474
   0.0140868     0.928808    0.0531422   0.00562949     0.375807   -0.0254311     0.055278
 -0.00110382    0.0514917     0.953467  -0.00439712     0.301364   -0.0257191  0.000588676
   0.0528127    0.0195705   0.00751396       0.9397     0.870914   -0.0569593   0.00127216
    0.017572     0.956525    0.0302668  -0.00596111     0.940095   -0.0590629    0.0567108
   0.0728884    0.0715081      0.92634   -0.0163658      1.26381   -0.0796067   0.00158284
   0.0470381    0.0197676   -0.0162596     0.975193     0.766766   -0.0462187  0.000412904
   0.0153929     0.987448   0.00412353  -0.00190015     0.510033   -0.0286355    0.0558012
   0.0343466   0.00890479     0.979486   -0.0089083     0.638644   -0.0446166  4.19893e-06
   0.0482041   0.00210798  -0.00690135     0.981633     0.934946   -0.0662401  0.000351032
 0.000164862     0.989741   0.00300514   0.00426588     0.151222   -0.0129906    0.0565174
  0.00411748   0.00219148      0.99132 -0.000109039     0.134189  -0.00732735 -0.000199407
   0.0172178   0.00592516   0.00608901     0.965399     0.312891   -0.0175888  -0.00164374
   0.0141169     0.991135   0.00184872  -0.00175301     0.397621   -0.0246215    0.0559264
    0.012487  1.12534e-05     0.996034  -0.00425443     0.357155   -0.0242335 -0.000339179
   0.0340992   0.00029824  -0.00231994     0.983499      1.14777    -0.082406  0.000492872
 -0.00197269     0.995822   0.00207598  0.000741201    -0.141976    0.0219978     0.056788
   0.0039461  0.000323133     0.995944  -0.00235869     0.286919   -0.0234836   8.8319e-06
   0.0100585 -0.000773238 -0.000231599     0.991379     0.270125   -0.0251514 -0.000438429
 -0.00972039     0.948618    0.0495909   0.00866806    -0.243992     0.013611    0.0563104
  -0.0125291    0.0511957     0.940561    0.0137633    -0.533497    0.0372208   0.00025231
   0.0210978   0.00584676  0.000963582     0.979982      0.25766   -0.0179792 -0.000176621
   0.0112931     0.974094     0.014085   0.00382822     0.341093   -0.0210282    0.0557377
   0.0121773    0.0132859      0.97174   0.00149589     0.536732   -0.0314213 -0.000250855
   0.0247335   0.00317506   0.00911351     0.979839      1.19252   -0.0697631   0.00068819
   0.0074168     0.981045    0.0160201  -0.00469705     0.149836   -0.0119701    0.0558675
  0.00597212    0.0191007      0.97011   0.00414482     0.162132  -0.00761586  0.000105238
   0.0428434   0.00324112   0.00689966     0.951102     0.181787   -0.0159147 -0.000381763
   0.0266719     0.950257    0.0599753  -0.00998095     0.107404  -0.00699973    0.0557792
  -0.0265384    0.0584001     0.918084    0.0150462     0.103315   -0.0112844 -0.000487969
   0.0844423   -0.0126858    0.0331209     0.966814      1.11668   -0.0828831   0.00104806
   0.0426443     0.975497    0.0276075   -0.0133604     0.844033   -0.0616833     0.055477
   0.0317254     0.027926     0.957973  -0.00423438      1.00658   -0.0597674 -0.000176611
   0.0671851  -0.00596997   0.00916349     0.975675      1.43766   -0.0876673   0.00122716
  0.00631594     0.984159    0.0099063   0.00226035   0.00365871  -0.00110168    0.0551395
 -0.00252541   0.00637938     0.987613   0.00245488      0.10565   0.00111071  0.000455341
   0.0335189   0.00126946   0.00410134     0.974221     0.826283   -0.0575852  0.000644576
  0.00597439     0.993783  0.000324181 -0.000962796    0.0250819  -0.00390733    0.0561512
  0.00469518  0.000725823     0.991056   0.00261338     0.233347   -0.0150648  -0.00062089
   0.0334723  -0.00582664   0.00164034      0.97591     0.575289   -0.0448203 -0.000742819
  0.00623556     0.969645    0.0310053  -0.00107806     0.264229   -0.0169254    0.0567528
  0.00340981    0.0265816     0.969784  -0.00163065     0.344329   -0.0312535  0.000605152
   0.0414593 -0.000929805   0.00748484     0.979866      1.06261   -0.0757501   0.00089166
  0.00913979     0.969674    0.0299979   -0.0036377    0.0273942  -0.00313173    0.0561978
  -0.0074463    0.0294428     0.967508   0.00428001    0.0632266  -0.00371244 -0.000639217
    0.020878  -0.00285464   0.00403546     0.985661     0.408977   -0.0273873  0.000530222
  -0.0411619     0.909781    0.0685149    0.0350364      -2.5807     0.188818    0.0590466
  -0.0313347    0.0346996     0.929712    0.0508441     -2.41885     0.166906  -7.3096e-05
  0.00632463  -0.00989657    0.0226116     0.968714    -0.545541    0.0377639 -0.000125285
  0.00967338     0.981514    0.0165566   -0.0166146     0.438731     0.217842    0.0552024
   0.0168813    0.0132912     0.959345    0.0111864      0.54341     0.012988   0.00142593
   0.0812085   0.00501592    0.0313238     0.888997     0.455068    0.0146643 -0.000476258
   0.0126677     0.986293   0.00539912  -0.00214726     0.431238    0.0103152    0.0565364
  0.00792014   0.00447131     0.981741   0.00530988     0.377002   0.00595008  0.000494978
   0.0419219   0.00261075   0.00773063     0.957977     0.480096    0.0125227 -0.000389265
    0.027202      0.98981   0.00648369   -0.0152709     0.534333   0.00285471    0.0558202
   0.0387081    0.0107345     0.969494   -0.0127869     0.560839   0.00991153 -0.000252936
   0.0930331   0.00747854   0.00936215     0.927289     0.904744    0.0205001   0.00140156
   0.0136644     0.987098   0.00889455   -0.0100184     0.731019    0.0203572    0.0568511
   0.0167042    0.0156692      0.97207  -0.00695377     0.369487    0.0051758  5.82798e-06
   0.0411362   0.00771573  -0.00489905     0.955741     0.531802    0.0142742  0.000447231
  0.00569821     0.985569    0.0144676    -0.007112     0.220373   0.00203034    0.0559033
 -0.00325413    0.0138398     0.974749    0.0127421     0.238591    -0.002731 -0.000715699
   0.0339451  -0.00493988    0.0139594      0.96799     0.602545   0.00670153  0.000715266
  0.00149141     0.990345   0.00587402   0.00104919      0.15323   0.00696614    0.0561715
   0.0131154   0.00450496     0.979065 -0.000671015      0.60287    0.0181048 -3.17502e-05
   0.0555476   0.00405163    0.0129211     0.910958     0.338297   0.00960926 -0.000528097
 -0.00248169     0.963953    0.0285352  -0.00343995     0.237057   0.00492812    0.0565503
 -0.00256364     0.027824     0.967643    0.0135088     0.290421   0.00400105  0.000150785
   0.0139093  -0.00497142    0.0167156     0.965991    -0.214744  -0.00348989 -0.000933954
  0.00504218     0.975983    0.0188991   0.00220296     0.295078   0.00116297    0.0559471
  0.00224991    0.0151933     0.980778  -0.00406802     0.274549    0.0158483 -0.000775136
   0.0130946   0.00147997   0.00353085      0.98523     0.311933    0.0161128  0.000520045
   0.0190908     0.992565   0.00628529  -0.00852593     0.811347    0.0140797    0.0561493
   0.0184685 -0.000405914     0.997216  -0.00725234     0.813316   0.00397111 -0.000465248
    0.102977   -0.0102794    0.0221252     0.943064      3.25389    0.0557101  -0.00123086
 -0.00176256     0.970026    0.0212899   0.00387175    0.0776234   0.00280439    0.0563074
 -0.00552889     0.019724     0.967808    0.0175723    0.0877839  -0.00224983 -0.000423953
   0.0250186 -0.000679398    0.0168019     0.958272    0.0910917    0.0021154 -0.000875781
   0.0231427     0.992473   0.00325818  -0.00908874     0.407317    0.0104174    0.0558539
    0.058831   0.00479111     0.989316   -0.0222434      1.17302    0.0215656  0.000611349
   0.0731535   0.00248922  -0.00215916     0.964816      1.17957    0.0207639 -0.000778037
   0.0163587     0.983488    0.0213507   -0.0203838      0.44943    0.0146731    0.0554657
  0.00245391    0.0167258     0.963786    0.0143602     0.437705  0.000438902 -0.000388728
   0.0889883    0.0012387    0.0429511      0.86938     0.431394   0.00587478  0.000568588
   0.0231702     0.991596   0.00382562  -0.00934074     0.374208   0.00738234     0.055282
   0.0422139   0.00658687     0.984519   -0.0124479     0.552276    0.0124639 -0.000107369
     0.11411   0.00496523   -0.0140097     0.951972      1.29358    0.0171369    0.0010085
   0.0031324     0.970467      0.03216  -0.00158078     0.399916   0.00502524    0.0569975
  -0.0021845    0.0288926     0.954018   0.00869631     0.314507   0.00425181 -0.000895223
   0.0173937 -0.000504216    0.0114727     0.975713     0.130622   0.00393853  0.000473247
   0.0305055     0.923513    0.0742256   -0.0288763     0.370556  -0.00244149    0.0565859
  -0.0187533    0.0599063     0.933198    0.0232107     0.284729    0.0066111  0.000697018
   0.0458902   -0.0219092    0.0371658      0.94823     0.293605    0.0118938 -0.000420019
  0.00890633     0.992065  0.000755146  -0.00218026     0.352331    0.0164287    0.0564094
   0.0105136   0.00447172     0.986796    0.0011574     0.329378 -0.000519796 -4.22637e-05
   0.0221161 -0.000725171  0.000759836     0.970956      0.45427   0.00412265  -0.00020258
  0.00961116     0.984205    0.0071131  -0.00206507      0.28499   0.00202888    0.0568487
   0.0247489   0.00782045     0.954095   0.00843119     0.447035   0.00809405 -0.000536082
   0.0514896    0.0014845    0.0103286      0.95263     0.575267    0.0174646  0.000568415
   0.0121595     0.976387    0.0161595  -0.00631608     0.359967  0.000117806    0.0564926
   0.0229143    0.0156662     0.982423  -0.00836303     0.553893 -0.000772557  0.000186601
   0.0509207 -0.000215398   0.00677487     0.959966     0.697576   0.00529465 -0.000527781
 0.000473356     0.962094    0.0327071   0.00260354     0.493664    0.0448848    0.0576464
   0.0240349    0.0400345     0.946399   -0.0114644     0.584643  0.000549852  0.000520319
   0.0470396    0.0227382   -0.0314375      0.97604      1.57157     0.001567 -0.000291895
  0.00491635     0.981288   0.00962524    0.0025951     0.670587    0.0009162    0.0577172
  0.00439064   0.00684822     0.986785  -0.00278065      0.39141  -0.00137052  0.000346059
   0.0112081    0.0099121  -0.00119446     0.965451      1.10409   0.00120551   0.00122256
    0.043239     0.980891   0.00496677   -0.0129064      1.09353   0.00191258    0.0577392
   0.0200292   0.00681967     0.987352   -0.0105209     0.590281  2.58735e-05 -0.000323708
   0.0685102 -0.000660756 -0.000783313     0.961997      1.46875   0.00323979  0.000684234
   0.0588847     0.974446    0.0206936   -0.0300073     0.441816   0.00106253    0.0567551
   0.0615098    0.0192441     0.978724   -0.0297381      0.50462   0.00202243   0.00189928
    0.166785  -0.00461726   0.00813714     0.909384     0.926702  -0.00111931  0.000292867
   0.0213761     0.986723     0.004492   -0.0110746     0.761364 -5.08362e-05    0.0569572
   0.0233825     0.003434     0.986724  -0.00960959       0.7507  0.000955946  -0.00147846
   0.0612034   -0.0068626  -0.00108688     0.960925      1.79723  0.000105473 -0.000378322
 -0.00300653     0.977802    0.0183779  -0.00087255    0.0380734  0.000282942    0.0563871
   0.0196978    0.0151619     0.978579  -0.00530184     0.305275  -0.00132975  0.000939151
   0.0266587  -0.00450019   0.00453046     0.970269     0.479311   0.00251564  0.000292186
 -0.00140208     0.995669   0.00120228   0.00259568    -0.564032 -0.000477167    0.0566325
-0.000611498   0.00287109       0.9959  3.98436e-05    -0.108466  -0.00118746   0.00104148
  0.00173317   0.00224945 -0.000701698     0.994357     0.465398  6.84317e-05 -0.000812368
    0.130487     0.896255  0.000840105   0.00033444      1.14151    0.0408443    0.0576895
   0.0582513  -0.00464973     0.978306   -0.0132953     0.528938  -0.00117713  0.000911304
    0.202319   -0.0163939   -0.0210585     0.933545      1.91483  0.000754645 -0.000234978
    0.107978     0.963172    0.0170938   -0.0145603     0.818194  -0.00222565    0.0568156
    0.100036   0.00965819     0.964817   -0.0112687     0.902624  0.000981669  0.000183386
    0.315918   -0.0293499  -0.00860923     0.948575      2.49609  0.000610896   0.00147715
   0.0363715     0.985639    0.0167501   -0.0177254      0.81816  -0.00196305    0.0571283
   0.0235052    0.0150795      0.97594  -0.00614212     0.748849 -0.000753477 -0.000529938
   0.0744351 -6.42077e-05   0.00935295     0.961358      1.18118  -0.00132392  0.000602941
   0.0449132     0.982354   0.00316573  -0.00889984     0.973287  0.000338176     0.057118
    0.036211   0.00233244     0.988618   -0.0217664      1.01797   0.00058644 -0.000904762
   0.0475437   0.00428664  -0.00305876     0.948607     0.466971  -0.00246106 -0.000306187
   0.0476784      1.00007  -0.00997316   -0.0122568      1.20433 -0.000496616    0.0580071
    0.126922    0.0321532     0.949988   -0.0234628      2.24012 -0.000491177 -0.000202666
    0.108162    0.0221003   -0.0327434     0.970168      2.06785 -0.000154628  0.000235423
   0.0386752     0.987622  0.000342201  -0.00416098     0.591287  0.000933123     0.056583
   0.0335113   0.00401669      0.98108  -0.00645853     0.560157 -0.000204431 -0.000522461
    0.120427   0.00172067   -0.0141009     0.964881      1.77428 -0.000332014  0.000103394
 -0.00101409     0.979823    0.0181229 -6.03218e-05    -0.180604    0.0403881    0.0573699
  0.00407681    0.0169918     0.976724   0.00337777   -0.0554824 -0.000766587  0.000540345
   0.0130196   0.00119106   0.00115708     0.989272     0.148778  0.000281864  0.000859389
-0.000869186     0.968611    0.0250656   0.00244602      0.11974  0.000165403    0.0556162
   0.0128964    0.0289422     0.922619    0.0497947     0.125181  0.000312692 -0.000683976
  0.00358595  -0.00234101    0.0539769     0.921218    0.0503202 -8.94091e-05 -0.000355849
  0.00789741      0.97485    0.0171309   0.00477356     0.330303  0.000505643    0.0557621
  0.00153459    0.0213827      0.97465  -0.00080972     0.485363   0.00186275  -0.00159575
   0.0213515   0.00645952   0.00183722     0.983468     0.477709  0.000231117  0.000325935
    0.012385     0.979986    0.0105837   0.00245174     0.714932 -0.000262647    0.0565746
   0.0234299    0.0209166      0.97677   -0.0122669     0.915224   0.00177111 -2.01171e-05
   0.0256586    0.0103449   -0.0104103     0.986065     0.785797  0.000763605 -0.000623736
  0.00844284     0.991345   0.00361121  -0.00126598     0.105671  -0.00162825    0.0568782
   0.0239931   0.00232221     0.988634  -0.00401568      0.68581  -0.00163388   -0.0006067
   0.0320858   -0.0010015  0.000986254     0.983498      0.56677   0.00105754 -0.000627995
  0.00497771      0.95748    0.0368801   0.00629426     0.296906  -0.00076116    0.0573645
  0.00458676    0.0384167     0.944469   0.00461567      0.46148 -0.000240697  -0.00138146
  0.00420661   0.00494341 -6.68079e-05     0.991603     0.247055  0.000506226  0.000520028
Gamma avg
 0.0494567
 0.0750003
 0.0578581
  0.130735
  0.125169
 0.0963205
  0.100842
  0.104938
 0.0515574
0.00682669
 0.0124222
 0.0315141
 0.0151953
 0.0232804
 0.0301183
 0.0206506
 0.0535011
 0.0548068
 0.0401823
 0.0646319
 0.0181287
0.00407366
 0.0425364
 0.0335948
 0.0567527
  0.035195
 0.0292952
 0.0299015
 0.0227029
0.00211615
 0.0367718
 0.0151425
0.00448356
 0.0257616
 0.0578325
 0.0365428
  0.036457
 0.0321872
 0.0233741
 0.0488437
 0.0498655
 0.0533092
 0.0327838
  0.031588
 0.0484118
 0.0540881
 0.0605178
 0.0629736
  0.050509
 0.0363642
 0.0562863
 0.0565625
 0.0344683
 0.0201352
 0.0615856
 0.0156951
 0.0287095
 0.0314084
 0.0661292
 0.0355458
 0.0208037
 0.0557896
 0.0482115
 0.0471397
0.00157249
 0.0449735
 0.0692489
 0.0566133
Factor Variance
1 1 1 1 1 1 1 1 1 1 1 1 1 1 1 1 1 1 1 1 1 1 1 1 1 1 1 1 1 1 1 1 1 1 1 1 1 1 1 1 1 1 1 1 1 1 1 1 1 1 1 1 1 1 1 1 1 1 1 1 1 1 1 1 1 1 1 1
OM Variance
0.170938 0.172492 0.172758 0.170758 0.170939 0.174285 0.171303 0.170646 0.170011 0.169923 0.169786 0.175276 0.170323 0.172208 0.174534 0.169319 0.169106 0.172017 0.169614 0.169696 0.171305 0.168648 0.167964  0.17035 0.171271 0.172355 0.170087 0.169577 0.170615 0.171005 0.169532 0.169094  0.16949 0.169594 0.168372 0.172189 0.169484 0.169346 0.169125 0.168434 0.169206 0.168339 0.168989 0.170374 0.172435 0.168904 0.167941 0.169389 0.168889 0.168274 0.171652 0.171135 0.170932 0.174059 0.169113 0.169092 0.171204 0.168556 0.169081 0.170166 0.168622  0.16827 0.171233 0.169005  0.16779 0.168899 0.185356 0.183203 0.169398 0.168117 0.168594 0.169018  0.16993 0.168442 0.170152 0.168653 0.169034  0.17075 0.169543  0.16842 0.169281 0.168409 0.168436 0.170327 0.169166 0.169409 0.169519  0.16898 0.168761 0.168955 0.169624 0.169383  0.16964 0.169908 0.170797 0.195205 0.168499 0.167995 0.168201 0.169917 0.172263 0.171823 0.168961 0.169512 0.169128 0.169347 0.169557 0.174171 0.169331 0.168352 0.168884 0.168631 0.168729 0.168642 0.169202 0.169728 0.169308 0.168434 0.170082  0.16908 0.169004 0.169703 0.169897 0.171646 0.170569 0.175144 0.170978 0.170655 0.174189  0.17328 0.171001 0.175247 0.169784 0.170147 0.172456  0.17131 0.171388 0.177143 0.170763 0.171281 0.171235 0.171647 0.170409 0.171135 0.173628 0.171033 0.178127  0.17137 0.171642 0.186382 0.171794  0.17135 0.174504 0.172251  0.17175  0.17057 0.173965 0.182339 0.179315 0.170873 0.170223 0.177532 0.170927 0.171034 0.170262 0.169233 0.169647 0.169985 0.170303 0.171752 0.170316  0.17227 0.171561 0.171533 0.170516 0.172448 0.171389 0.170731 0.171323 0.170008
Marginal Likelihood: -4984.13
../timebreaks/yt_1981_beg.csv
../timebreaks/Xt_1981_beg.csv
./tb
