Full Conditional Version run with: 10000 burnin 1000
Beta avg
    0.307841     0.954596      0.05864    -0.092284    -0.377289    0.0895617     0.131253
    0.134882    0.0625883      0.93391   -0.0268706    -0.401306  1.44352e-05 -0.000555806
    0.539252    0.0277606    0.0296654     0.821774     -1.35903   -0.0028526   0.00313929
    0.254985      0.95928    0.0287064   -0.0577285    -0.712044 -0.000368105      0.12843
    0.150802    0.0313098     0.951511   -0.0194231    -0.365938  -0.00366655    0.0018435
    0.943651    0.0577476    0.0432122     0.734647     -1.96233   -0.0018103   0.00641578
    0.319328     0.901211    0.0631244   -0.0942007     -1.08174  -0.00223546     0.125585
    0.367542      0.13943     0.820236     -0.11219    -0.932244   -0.0014642   0.00117058
    0.695679    0.0849838   -0.0556182     0.728553     -1.54907   0.00189533    0.0018421
    0.296903       1.0044    0.0125964   -0.0689467    -0.848586    0.0707606     0.124451
    0.586035    0.0739219     0.968248    -0.132007     -1.36998   0.00248287   0.00124981
     1.11218     0.118324    0.0163539     0.716751     -2.23298   0.00411051   0.00191051
   0.0534379     0.961804    0.0404413   -0.0255646    -0.828904  -0.00117687     0.130397
   0.0194268    0.0326262     0.964199  -0.00739977    -0.441278  0.000906995 -0.000344565
    0.141225   0.00788527    0.0204484     0.941145     -1.12144  0.000534235 -0.000593881
  -0.0564223     0.939298    0.0403253    0.0341197     0.348879     0.294227     0.121426
   -0.260824     0.050865      0.95051    0.0693848      1.01555    0.0349744   0.00136105
    0.244582   0.00916121  -0.00499839     0.927675    -0.596148   -0.0152007  3.86948e-05
   0.0155628     0.961645     0.028649  -0.00398051    -0.436002    -0.010603     0.124463
   0.0146614    0.0382597     0.958264   -0.0182009    -0.159267   -0.0149422  0.000287949
   0.0604773    0.0210268   -0.0206558     0.933215    -0.712849   -0.0161037   0.00129445
  -0.0792246     0.941188    0.0202384     0.065719      1.18076    0.0315103     0.127215
  -0.0557551    0.0259437     0.946395    0.0400583     0.791317    0.0249595 -0.000328642
   0.0570667    0.0130028   0.00389154     0.967399    -0.103109    0.0076687  -0.00323898
   0.0384427     0.963692   0.00932667   0.00632798    -0.123347   0.00886692     0.121177
    0.126867    0.0154798     0.942234  -0.00619521    -0.403022   -0.0249483  -0.00069185
    0.278377   0.00209868   -0.0252896      0.91683     -1.25163   -0.0337777   0.00160807
   0.0884142     0.986528   0.00158687   -0.0231972    -0.379636 -5.79816e-06     0.123524
   0.0393521   0.00629097     0.984481  -0.00895751    -0.105819   -0.0160689  -0.00021817
    0.269697   0.00299378  -0.00859645     0.914488    -0.736283    -0.036755   0.00306095
  -0.0178282     0.977736    0.0111397   0.00728349    -0.363896   -0.0110432     0.127372
  0.00741857    0.0159599     0.978157  -0.00296584    -0.195512  -0.00561699  -0.00225133
   0.0278186    0.0105724  0.000936314     0.981869    0.0974754   0.00126091  -0.00106776
   0.0688789     0.969308    0.0033438   -0.0225148    -0.949902    -0.021781     0.127734
   0.0589704    0.0176048     0.934866   -0.0137513    -0.296586   -0.0084543   0.00116855
    0.126676   0.00584652   -0.0197725      0.93555    -0.819194    -0.021667    0.0010187
   0.0461888     0.925758   0.00380071   0.00447557    -0.414973   -0.0180307     0.125444
   0.0313371   0.00174878     0.941209  -0.00402644     -0.27958   -0.0135503   0.00297408
   0.0918295  -0.00682711  -0.00811721     0.940443    -0.932896   -0.0294486  -0.00111158
     -0.2085     0.856178    0.0850134    0.0997561     0.428158    0.0198631      0.12016
  -0.0323767     0.052294     0.938813    0.0151387     0.272526    0.0179445   0.00144563
    0.334068    0.0857185    -0.042668     0.853437    -0.585199   -0.0203082  -0.00047422
 -0.00703265     0.982051    0.0101838   0.00632746    -0.123035  -0.00127407     0.122466
   0.0362999    0.0152783     0.979095    -0.017481     -0.19192  -0.00263337  0.000695418
   0.0803934    0.0139278  -0.00806035     0.954586   -0.0730204   0.00665193 -0.000569496
  -0.0819329     0.887365    0.0605666    0.0721538     0.485677   0.00106184     0.121262
  -0.0646029    0.0519922      0.96434    0.0171229     0.607629    0.0053346   0.00223795
    0.196579    0.0478183   -0.0338827     0.906154    -0.867397   -0.0155151 -0.000388166
   0.0261794      0.96753    0.0234505   -0.0119065     -0.60083   -0.0461941     0.126039
   0.0413654    0.0157863     0.978136   -0.0234801    -0.841817    -0.035533    0.0023187
    0.109315  -0.00564681   0.00604207     0.949426     -1.22198   -0.0364385 -0.000412372
    0.151061     0.948481    0.0296893   -0.0298182    -0.430563   -0.0220307     0.120041
    0.185083    0.0314486     0.973305   -0.0607539    -0.473102   -0.0169508   0.00162099
    0.756138    0.0450744    0.0121636     0.737691     -1.48854   -0.0549203  -0.00246961
    0.279061     0.972691   0.00813063   -0.0899341    -0.759619   -0.0322213     0.121091
    0.232506     0.011465     0.973973   -0.0787562    -0.563617    -0.020488 -0.000381098
      0.5145   0.00813098  -0.00952484     0.814391    -0.899217   -0.0243981  2.50756e-05
   0.0634201     0.949869   -0.0207206   0.00909135      -1.0471   -0.0274394     0.127486
    0.105695  -0.00954717     0.959196   -0.0308622     -1.31314   -0.0354053   0.00185659
    0.182135    0.0416136   -0.0168627      0.87711     -2.05953   -0.0537898  0.000220515
   0.0392366     0.861273    0.0636051   0.00828306    -0.535693   -0.0292881      0.12225
  0.00349514    0.0650788     0.939713   -0.0113237    -0.493903   -0.0190552 -0.000108634
    0.133359      0.03034    0.0420034     0.880398     -1.71325   -0.0445705   0.00157239
 -0.00294779     0.924746    0.0456225    0.0101354    -0.230112 -0.000552918     0.123854
   0.0115185    0.0424515     0.940793  -0.00980403    -0.294494    0.0013522  -0.00376594
   0.0876984    0.0173788  -0.00130836     0.930223     -1.56614    -0.047364  0.000460525
   0.0371852     0.902735   0.00790207   0.00608137      0.02954   0.00269417     0.122992
   0.0323774 -0.000482708     0.956103  -0.00515057    -0.224597   -0.0197489 -0.000712326
    0.077546 -0.000665093   0.00608315     0.948905    -0.665433   -0.0241927   0.00359044
  0.00592643     0.946807    0.0416543  -0.00553855    -0.277576     0.310574     0.121231
    0.170883    0.0668371     0.901797   -0.0264795    -0.585432    0.0121616    0.0031232
    0.290438    0.0450832   0.00732924      0.85176    -0.775131    0.0100032    0.0020975
  -0.0325489     0.971781     0.012411    0.0195506    0.0162272   0.00555165     0.121673
   0.0918047    0.0167662     0.965877   -0.0181056    -0.409172   0.00314822  -0.00132282
    0.382648    0.0296171    0.0162037     0.832628     -0.94668    0.0205429  6.91255e-05
  -0.0292406     0.974939   0.00759315    0.0193975    0.0557434  -0.00923615     0.119643
    0.111657    0.0144407     0.972209   -0.0249609    -0.345855   0.00203096  0.000819616
    0.269643    0.0281136  -0.00115609     0.897932    -0.524484  0.000408284  -2.2964e-05
  -0.0463531     0.951831    0.0347697    0.0236627     0.133927  -0.00338301     0.121194
   0.0187556    0.0404596     0.950516    0.0014721   0.00956208  -0.00178964  0.000831264
    0.162214    0.0262431   0.00414347     0.921571    -0.288168    0.0153726 -0.000758268
   0.0625824     0.909405    0.0678964   -0.0239995    -0.195637   0.00184164     0.123118
   0.0652313    0.0549278      0.92972  -0.00875667    -0.454279  -0.00342592   0.00260295
      0.2655   -0.0459576    0.0540713     0.886492    -0.940616  0.000598116 -0.000210503
  0.00967537     0.960162     0.024954 -0.000951914    -0.125206    0.0059755     0.122615
   0.0405943    0.0236292     0.945861    0.0133776    -0.239275   0.00198551  0.000786556
    0.105646   0.00936851    0.0119486     0.933401    -0.604025  -0.00726493    0.0020385
  -0.0605219     0.955926    0.0357698    0.0288834     0.140081  -0.00969832     0.124199
    0.079663    0.0339631     0.925277  -0.00264846   -0.0859066   0.00720348  0.000713271
    0.207259    0.0476433   -0.0274793      0.89473    -0.573779   0.00245347   0.00107563
   0.0909979     0.939047    0.0456074   -0.0300424    -0.524429   -0.0135568     0.123611
   0.0750213    0.0254865     0.961457   -0.0309229    -0.611659   0.00378113   0.00010145
    0.197257   -0.0241211    0.0222577     0.912718    -0.900315  -0.00269728   0.00193357
    0.166663     0.847046    0.0983507   -0.0581131    -0.344623   0.00639496      0.11887
   0.0165144    0.0734748     0.914863   0.00668644    -0.243189  0.000290771  0.000223984
     0.47112    -0.076518     0.083439     0.790553     -1.19825    0.0147385  0.000364704
  -0.0015949     0.954769    0.0422986  -0.00319146    -0.156878  0.000690415     0.122303
    0.102335     0.054076     0.897248  -0.00270853    -0.366428  -0.00478529   0.00128816
     0.21266    0.0165998   -0.0103775     0.902532    -0.788101   0.00664252   0.00293811
  -0.0130535     0.982273    0.0123309 -0.000493665    0.0813446   0.00565606      0.12451
   0.0512165   0.00798138     0.965712   0.00194906    -0.473676  -0.00344478   0.00126994
   0.0693779  -0.00102126   -0.0023629      0.96932    -0.801947  -0.00825906 -0.000111157
  -0.0346913     0.966603     0.017307    0.0235102     0.167239   -0.0037402     0.123379
  -0.0142413    0.0121074     0.959462    0.0339083     0.426933  -0.00755335   0.00105386
    0.102012    0.0297846   0.00676865     0.929698    -0.470067   0.00876692  -0.00227651
     0.11863     0.927733    0.0188533  -0.00210812    -0.414591  -0.00326586     0.121676
   0.0976137    0.0035056     0.971904   -0.0119368    -0.342003   0.00930922  0.000550661
    0.354577    -0.040521 -0.000905247     0.917555     -1.43392  5.40804e-05 -0.000548313
   0.0296677     0.970809    0.0104951  -0.00119945    -0.237484   0.00186536     0.121398
   0.0659888     0.014244     0.982898   -0.0300647    -0.392852   0.00152083   -0.0013204
    0.265309     0.017958   0.00101332     0.874826    -0.857614    0.0190968   0.00171918
  -0.0550136     0.897057    0.0824309    0.0282814   0.00190514   0.00673177     0.120611
   0.0323185    0.0886105     0.871394    0.0168676    0.0399766  -0.00481392 -7.87614e-05
    0.185997    0.0635653   0.00901723     0.882114    -0.549108  -0.00106033  0.000240938
 -0.00591561     0.958015    0.0246476   0.00709404    -0.117367   -0.0115984     0.122646
   0.0655973    0.0305582     0.956816   -0.0166718    -0.568218 -0.000280954 -0.000788027
    0.130195    0.0123094    0.0193569     0.916788    -0.524243    0.0153573   0.00131482
  0.00454298     0.966926    0.0288678  -0.00973097    -0.365127    0.0057627     0.122356
   0.0268439    0.0346756     0.953208   0.00325456    -0.363592  -0.00863756 -0.000874374
    0.120094    0.0079444    0.0175656     0.932929    -0.898588   0.00284953   0.00296076
  -0.0360057     0.975431    0.0189137    0.0135567     0.177011    0.0208621     0.123773
   0.0263683    0.0193214     0.967698  -0.00261194    -0.050036   0.00121748    -0.001621
   0.0984707    0.0170255    -0.010371      0.96153    -0.394403    0.0130665 -0.000404367
   0.0544667     0.975243    0.0191783   -0.0287313     -0.73392       0.1596     0.127166
   0.0813906    0.0373514     0.965776   -0.0392659    -0.643412  -0.00180652   0.00169452
    0.263568    0.0488642   -0.0151254     0.864213     -1.67237   -0.0157767 -0.000457301
   0.0283906      0.95234    0.0369882  -0.00988601    -0.289449  -0.00146408     0.124784
   0.0104687    0.0390031     0.957067  -0.00858319    -0.110526 -0.000203417   0.00023677
    0.198611    0.0137346   0.00945268      0.88053    -0.536624   0.00346513  -0.00114643
   0.0904927     0.959342    0.0177404   -0.0220008    -0.598189  -0.00851934     0.126119
  -0.0526598    0.0273992     0.974999    0.0143748     0.396285  -0.00171481  -0.00179731
    0.136559   -0.0364084    0.0102443     0.951231     -1.12038  -0.00918254 -0.000160969
 -0.00926917     0.949242    0.0385733    0.0109731     0.314156  -0.00157862     0.129442
   0.0231037    0.0412834     0.950397  -0.00618637    -0.136271   0.00403367  0.000451004
   0.0587407   0.00377665   -0.0219973     0.973072     -1.23031  -0.00957753    0.0019678
  0.00781918     0.975859    0.0153176   0.00110864     0.147661  -0.00389892     0.129526
  0.00107075    0.0176345     0.975963   0.00431684    -0.383819   0.00178874 -0.000169998
  -0.0130021  0.000382806   0.00428863     0.878115   -0.0983747   0.00115067     0.003529
    0.251682     0.921757     0.042523   -0.0826842    -0.996231  -0.00410434     0.127448
    0.241443   0.00853706     0.953842   -0.0700256     -1.19867  -0.00514969  -0.00226679
    0.320931   -0.0388138    0.0291525     0.872907     -1.06161  -0.00926105   0.00173956
 -0.00605783     0.953839    0.0890618  -0.00130493    -0.664305   0.00408434     0.125957
   0.0233975     0.104519     0.569421   0.00835532    -0.267876  -0.00824388  -0.00169364
-0.000730016 -0.000837652  -0.00132273     0.961522    -0.250821 -0.000850632 -0.000397558
  0.00563711     0.990019   0.00699376  -0.00633767    -0.381231     0.152035     0.128514
  0.00584344   0.00663732     0.988639  -0.00486236    -0.173155   0.00133024 -0.000177128
   0.0709609    0.0202414   0.00356121     0.922744     -1.28205     0.035501   0.00148026
    0.154199     0.953113    0.0321773   -0.0344861    -0.832189    0.0136059     0.125943
    0.156661     0.074131     0.916656   -0.0327472    -0.631739    0.0179305   0.00173422
    0.374809    0.0295901   -0.0423421     0.915223     -1.31353    0.0293491  -0.00072804
    0.038914     0.945397   0.00401101    0.0106861    -0.915882    0.0291885     0.134241
   0.0658328   -0.0161739     0.952299  -0.00140206     -1.60667    0.0493937  4.39334e-06
   0.0293123   0.00858458   0.00471615     0.936363     -1.24919    0.0305486  -0.00135489
    0.157183     0.963194   -0.0272899  -0.00913747     -1.39199     0.033474     0.130745
    0.100206    0.0158782     0.944863   -0.0180847    -0.646012    0.0202373  -0.00360378
   0.0802397   0.00816808   -0.0229025     0.972642    -0.439491   0.00773476 -0.000954679
    0.164387     0.894537   0.00647467   -0.0019778    -0.445846    0.0168888     0.123696
    0.257367    0.0433988     0.896434   -0.0188792    -0.395538   0.00602009  0.000957063
    0.634234   0.00371938    -0.114854     0.878658     -1.55398    0.0404606  0.000733956
    0.151074     0.972947   -0.0112384   -0.0320493    -0.965948    0.0381313     0.130819
    0.171638    -0.011755     0.981815   -0.0483491     -1.10028    0.0346332  0.000843643
    0.344026     -0.00361  -0.00861655      0.88132     -1.85854    0.0452688   0.00495192
    0.101772     0.973048  -0.00777406   -0.0200499    -0.986293     0.142284     0.129005
    0.129822    0.0111217     0.949997   -0.0227914    -0.983901   0.00367415 -0.000424236
    0.215754   0.00967295   -0.0231205     0.918415     -1.48919   0.00557882  -0.00110476
   0.0142886     0.907926    0.0747335  -0.00772676    -0.559137  -0.00507378     0.124892
    0.113892     0.112924     0.873829   -0.0287964    -0.478512  -0.00387673  0.000988678
     0.17507    0.0558693  -0.00428006     0.872682    -0.518348  -0.00265622  -0.00211528
   0.0867144      0.96045   0.00249255   -0.0128055    -0.881363  -0.00159431     0.131775
   0.0855047    0.0202828     0.951813   -0.0264396    -0.691818 -0.000692089   1.4763e-05
     0.11541   0.00419132   -0.0231445     0.949454     -1.03815   0.00142178 -8.10795e-05
    0.120133     0.947809    0.0468445    -0.045071    -0.847839  -0.00270916     0.129932
   0.0590839    0.0278647     0.945151    -0.017782     -0.75719   0.00238915  0.000911759
    0.274093   -0.0207908    0.0446851     0.858628     -1.71073   0.00959889 -0.000785611
    0.246583     0.786704     0.194998   -0.0761882     -1.16069  -0.00691096     0.128764
   0.0268237    0.0652934     0.920568  -0.00636919    -0.753531   0.00591813  0.000424932
    0.280259    -0.115718     0.137893     0.879661     -1.49048   0.00846733  -0.00388819
   0.0761585     0.856486     0.122615   -0.0173826    -0.558694   0.00834246     0.122726
    0.114591     0.160368     0.862129   -0.0769755    -0.358051   0.00148381  -0.00337049
    0.350162    0.0915073   -0.0503028     0.804931    -0.704994   0.00316036   0.00227151
Gamma avg
0.0487239
 0.140886
0.0798143
 0.078267
0.0935238
 0.166145
  0.18203
 0.159347
0.0663595
0.0845796
0.0409651
0.0718641
0.0319121
0.0534925
0.0896092
0.0620121
0.0347309
0.0507811
0.0612795
0.0556745
0.0697669
0.0488956
0.0424064
0.0713738
0.0474165
0.0122691
0.0264626
0.0711021
0.0494467
0.0724439
0.0540244
0.0349553
0.0227722
0.0722123
0.0407562
0.0540746
0.0474691
0.0646949
0.0696355
0.0522379
0.0409036
0.0655313
0.0701581
0.0431753
0.0396134
0.0471168
0.0683011
0.0709875
0.0358742
0.0355925
0.0173252
0.0291579
0.0446326
0.0565355
0.0516569
0.0495582
0.0754418
0.0419873
 0.114644
0.0531518
0.0578109
 0.107103
0.0506023
0.0524583
0.0742108
0.0980443
0.0714157
0.0460312
Factor Variance
1 1 1 1 1 1 1 1 1 1 1 1 1 1 1 1 1 1 1 1 1 1 1 1 1 1 1 1 1 1 1 1 1 1 1 1 1 1 1 1 1 1 1 1 1 1 1 1 1 1 1 1 1 1 1 1 1 1 1 1 1 1 1 1 1 1 1 1
OM Variance
0.353211 0.335675 0.349551  0.34143 0.334099 0.367548 0.341143 0.339336 0.354907 0.335929 0.347711 0.376886 0.346214 0.343693 0.353068 0.327502 0.331782 0.328826 0.334352 0.332141 0.337871 0.341145 0.338321 0.333473 0.326716 0.330462 0.336753 0.330116 0.329423 0.333588 0.335195 0.334211 0.333159 0.338027 0.331138 0.338179 0.332373 0.330456 0.339761 0.325846 0.325945 0.325437 0.331692 0.330123 0.330456 0.331143 0.329176  0.33174 0.334635 0.337603 0.342833 0.323561 0.324339 0.340458 0.327486 0.325087 0.332291 0.338733 0.344153 0.363636 0.333253 0.331486 0.354159 0.334756 0.329323  0.35197 0.328517  0.33112 0.333379 0.325239 0.329554 0.332371 0.326101 0.327457 0.335852 0.326091 0.327485 0.329821 0.328645 0.327303 0.326926  0.32986 0.329742  0.33176 0.328603 0.330492 0.333539 0.326934 0.327663 0.329757 0.330627 0.331596  0.33651 0.325103 0.324636 0.335035 0.326041 0.328102 0.332872 0.331557 0.331384 0.335461 0.327428 0.327473 0.331596 0.329481 0.329618 0.346391 0.328071 0.326551 0.337389 0.326771 0.326375     0.33 0.329336 0.332688 0.332263 0.330727 0.333305 0.336601   0.3323 0.329045 0.330276 0.340837 0.341222 0.361065 0.335148 0.335912 0.337931 0.340421 0.340811 0.350723 0.339628 0.340249 0.351195 0.344398 0.339496 0.340545 0.348099   0.3479 0.343501 0.335802 0.336517 0.330917 0.342872   0.3406 0.359326  0.33849 0.337554 0.352766 0.348998 0.367691 0.355626 0.356947 0.339665 0.339443 0.331998 0.332034  0.35083 0.347587  0.34846 0.374543 0.347413 0.349137 0.357617 0.336948 0.338441 0.336463 0.347085 0.344492 0.349283 0.344464 0.340495 0.363258 0.345981 0.338915 0.357036  0.33028 0.333175 0.335027
Marginal Likelihood: -4122.89
../timebreaks/yt_1980_end.csv
../timebreaks/Xt_1980_end.csv
./tb
