Full Conditional Version run with: 10000 burnin 1000
Beta avg
     -0.1372     0.924575    0.0594274    0.0345795    0.0484847    0.0810466     0.125351
  0.00894044     0.057547     0.922285     0.017058  0.000455047 -0.000608069  -0.00133177
    0.455314    0.0269932    0.0199139     0.853505      1.30701  0.000958596  -0.00152202
    0.103885      0.95669    0.0237503   -0.0186535     0.420152   0.00379974     0.125674
     0.17429    0.0271341     0.950807   -0.0211552      0.52912  -0.00334737  0.000371591
     0.69996    0.0493296    0.0338194     0.799154      1.67066   0.00119229   0.00347896
    0.202624     0.894616    0.0791391   -0.0585277     0.938598  -0.00163438     0.125977
    0.275494     0.136138     0.841776   -0.0910343     0.857084  -0.00198244  0.000240449
    0.526831    0.0696667   -0.0308467     0.785378      1.28912   0.00286691 -0.000853445
    0.202183     0.989491    0.0139241   -0.0439927     0.776922    0.0652479      0.12926
    0.323728    0.0489406     0.968077   -0.0692601     0.991971  -0.00535949  -0.00104285
    0.840814    0.0979825    0.0124908      0.78221      2.05378  -0.00426851   0.00359914
   0.0039372     0.964316    0.0282088  -0.00105271     0.208884  0.000923415     0.128396
  -0.0128136    0.0288478     0.960453   0.00870651     0.013172  -0.00197047   0.00372673
   0.0955211   0.00774963     0.010072     0.963206     0.632951  -0.00101388    -0.001287
   0.0456602     0.931756     0.040339   0.00806884     0.118268     0.290213     0.122382
  -0.0342685    0.0400913     0.955482   0.00602804      -0.1382   0.00739452 -4.82953e-05
    0.374158   0.00716977  -0.00625272       0.8898      1.32304   -0.0994177  1.73795e-05
  0.00655423     0.951054    0.0403276   0.00401549     0.683395   -0.0352414     0.127008
   0.0285743    0.0566121     0.939952     -0.05025      1.08524   -0.0698847   0.00356616
   0.0474216    0.0271253    -0.024097     0.940991     0.773519    -0.040574 -0.000537083
  -0.0437477     0.933986    0.0277135    0.0498851     -1.06463    0.0770986     0.124118
  -0.0664439    0.0473005     0.948911    0.0278623    -0.757549    0.0583595 -0.000245559
   0.0575878    0.0118526   0.00775775     0.964862     0.201903  -0.00956044   0.00188218
    0.111018      0.95693 -0.000295148   -0.0072435      0.61743    -0.058589     0.123729
    0.191707   0.00901687     0.930963   -0.0155407      0.90853   -0.0445189   0.00185394
    0.195405   0.00220633    -0.017266     0.941079      1.00666   -0.0513152 -0.000358603
   0.0197144     0.982011    0.0055703 -0.000379532    0.0833849  -0.00582582     0.124583
    0.173372   0.00820226      0.97461   -0.0535308     0.999159    -0.060002   0.00102801
    0.288742   0.00481751   -0.0131482      0.90319      1.36793   -0.0743908  0.000682032
  -0.0156057     0.964059    0.0145585    0.0233277     -0.68228    0.0407884     0.126308
 -0.00364404    0.0126049     0.977181   0.00666302    -0.444138    0.0330526  0.000501425
   0.0346205    0.0127831  -0.00231418     0.979276    -0.208407    0.0179484  -0.00188452
   0.0898612     0.972136  -0.00898612   -0.0275714      1.34895   -0.0875829     0.126479
   0.0765821    0.0361049     0.918062   -0.0261408     0.262415   -0.0042842   -0.0013633
   0.0995879    0.0212674   -0.0279924     0.947123     0.531308    -0.035244   0.00299054
    0.057632     0.945976    0.0158645   -0.0190488     0.799001   -0.0600227     0.126054
   0.0119178    0.0191714     0.936072    0.0052095     0.148693   -0.0111939   -0.0012872
    0.108508  -0.00824446    0.0059426     0.924535      1.26258   -0.0689294    0.0036229
  -0.0140975     0.896981    0.0679858    0.0150029     0.122044   0.00207289     0.121059
   0.0768818    0.0824398     0.919061   -0.0359881     0.479123   -0.0318491 -0.000835423
     0.23472    0.0477866    -0.021126     0.899493      0.88766   -0.0471777   0.00176461
  -0.0278911     0.980786    0.0117113    0.0192571    -0.149918    0.0221066     0.120523
   0.0372455     0.013493     0.982223   -0.0159049    0.0160572  -0.00213222   -0.0027789
    0.121238     0.017921   -0.0129293     0.934498     0.103374  -0.00128902  0.000983618
    0.098701     0.907987    0.0374303  -0.00398798     0.844176   -0.0522376     0.123472
   0.0887014    0.0623494      0.94026   -0.0413977     0.476884   -0.0217069   0.00184507
    0.207432    0.0471677   -0.0376769     0.906188      1.08115   -0.0721741  0.000401316
   0.0246544     0.968277    0.0214781   -0.0103122     0.652135   -0.0477832     0.126529
   0.0146768    0.0184489     0.977111  -0.00856324     0.400413    -0.032901 -0.000921303
   0.0753484  -0.00277032   0.00384387     0.966548     0.916269   -0.0447928   0.00177709
    0.192955     0.949023    0.0289502   -0.0419737     0.685499   -0.0510788     0.121302
     0.22671    0.0332978     0.971815   -0.0731537     0.734851   -0.0452293 -0.000410642
    0.586301    0.0381872     0.010327     0.793979      1.33935   -0.0867842   0.00129973
     0.12666     0.972376   0.00869091   -0.0338276     0.453835   -0.0406243     0.121219
    0.195758    0.0123599     0.972511   -0.0649372     0.589639   -0.0429757   0.00038085
    0.473591   0.00612608  -0.00936655     0.830432     0.982586   -0.0620402   0.00153708
   0.0819698     0.948991     -0.02748   0.00307043      1.16089   -0.0747405     0.125047
    0.154879  -0.00695318     0.941935   -0.0466604      1.52621   -0.0930315 -0.000349502
    0.180049    0.0315524   -0.0341429     0.896445       1.7205   -0.0990997 -0.000661813
   0.0279619     0.858399    0.0698895    0.0163538     0.509798   -0.0241234     0.124545
   0.0168965    0.0582248     0.943804    -0.018103     0.746234   -0.0479815  0.000124146
   0.0824282    0.0313134    0.0240797     0.918907      1.19221   -0.0648189  -0.00154586
  0.00465892     0.920547    0.0415497   0.00695302     0.614922   -0.0498086     0.126338
   0.0303183    0.0488216     0.935817   -0.0232659     0.549753   -0.0302501    0.0014608
   0.0837129    0.0227105  -0.00835036     0.937078      1.59813   -0.0779457  0.000854059
   0.0632834      0.87728   0.00739313   0.00395574    -0.102422    0.0169582     0.126608
   0.0165531 -0.000910956     0.961115   -0.0017096     0.300798   -0.0206156  -0.00244607
   0.0761167    -0.018103    0.0114861     0.957178     0.572672   -0.0330791   0.00303888
    0.037638     0.948502    0.0329701  -0.00506033       0.3403     0.305743     0.119674
     0.13487    0.0549416     0.905788  -0.00235171     0.393443   -0.0032427   0.00301342
    0.276751    0.0312063    0.0055658     0.872239     0.759913   0.00656818   0.00144149
   0.0784333     0.976603    0.0144514   -0.0226819     0.364374  -0.00816796     0.121601
    0.122404     0.019955      0.96567   -0.0320146     0.598055  -0.00587417  -0.00141236
     0.35158    0.0229887    0.0202026     0.848038     0.922288   -0.0107939  -0.00101862
     0.19406     0.992784   -0.0132763   -0.0487719     0.939538  -0.00914627     0.124528
    0.046469    0.0135731     0.973336  -0.00253793   -0.0395718   0.00901718    0.0016565
    0.410369    0.0434329   -0.0268872     0.863696      1.03639 -0.000625804  0.000641937
  -0.0537353     0.945284    0.0403366    0.0250207    -0.071525    0.0071551     0.121247
  0.00301771     0.036721     0.953778   0.00983726    -0.103908   0.00463351  -0.00109499
    0.236145    0.0295213  -0.00302246     0.898209     0.535083    -0.011316   0.00150918
    0.103849     0.903692    0.0785816   -0.0457901     0.719778  -0.00393099     0.120926
    0.063386     0.072101     0.917597  -0.00504451     0.543663   0.00829394 -0.000483381
    0.206884   -0.0201486    0.0356399     0.910866     0.853747   -0.0114711   0.00108976
   0.0143838      0.96319    0.0200822  -0.00127438     0.288412   0.00150643     0.122674
   0.0531511    0.0260405     0.939431    0.0145439     0.465729  -0.00188803   -0.0024954
   0.0943779   0.00217121    0.0136159     0.944138     0.660605   0.00897955 -0.000897938
  -0.0106879     0.969141     0.024345   0.00612103    0.0738341  -0.00113262     0.122542
   0.0969198    0.0290449     0.902682    0.0112602      0.01044   0.00340996 -0.000706875
    0.190689    0.0277428   -0.0358892     0.919524     0.659362   0.00707386 -0.000333685
   0.0823908     0.945238    0.0432819   -0.0289815     0.617424  -0.00886045     0.124488
   0.0261489    0.0375289     0.953593   -0.0108373     0.260557  -0.00940262  -0.00137099
    0.172911   -0.0100499    0.0092263     0.924945     0.839524   -0.0155361   0.00245556
    0.141873     0.849544    0.0980593   -0.0482002     0.277183    0.0110821     0.119868
   0.0140676    0.0680394     0.917487    0.0102797     0.307213  -0.00351737   0.00116653
    0.349881    -0.075005    0.0747063     0.843764      1.00035   0.00591185 -0.000881546
   0.0418323     0.953598    0.0437171   -0.0214741     0.505917  -0.00296952     0.122246
     0.15766    0.0640447     0.884259   -0.0235181     0.869956  0.000814831  0.000820748
    0.212085    0.0085328     0.012742     0.896566     0.794951  -0.00694045  -0.00207121
  0.00578934     0.980323     0.006715   -0.0015735     0.107578  -0.00500731     0.122001
   0.0682093   0.00571221     0.963154 -0.000801717     0.707551  -0.00523457   -0.0036172
   0.0724657  -0.00391004  -0.00405761     0.974042     0.968285  -0.00545051  0.000877455
   0.0424802     0.972146   0.00207204  -0.00140822     0.643345  -0.00196409     0.122074
    0.108365    0.0239655     0.934957  -0.00635917     0.508298   -0.0105833  -0.00192197
     0.14431    0.0307211  -0.00229019     0.924615     0.581423    -0.004883  0.000679228
    0.211322     0.914772    0.0190516   -0.0214352      1.03098  -0.00304505     0.125217
    0.132792   0.00759638     0.967662   -0.0227582     0.682307  -0.00524721  0.000642521
    0.273701   -0.0204457  -0.00387339      0.93177      1.25751  -0.00502082   0.00241716
   0.0809998      0.97231    0.0139772    -0.024726     0.565011   -0.0319299     0.123496
   0.0733043    0.0106449     0.985951   -0.0294512     0.487654    0.0212024  -0.00132698
    0.212369    0.0161338   0.00239936      0.90079     0.775244   0.00200275   0.00129218
  -0.0172915     0.924621    0.0758379  0.000709799     0.327491   -0.0060439     0.122726
   0.0865444     0.100061     0.866094  -0.00767599     0.315074  0.000333812  -0.00357193
    0.183121     0.034102  -0.00298469     0.910236     0.529477   -0.0252024   0.00205003
   0.0232718     0.957547    0.0226294  -0.00508897     0.343548  -0.00820065     0.124429
    0.031922    0.0314024     0.951857   0.00732396    0.0663977  -0.00670605 -0.000642906
     0.15045    0.0184084   0.00868516     0.918121     0.562809 -0.000776272  -0.00218774
   0.0290643     0.968061    0.0351993   -0.0256989      0.87899    0.0128308     0.125773
   0.0518208    0.0448568     0.948216  -0.00623719     0.608912   -0.0037436   0.00140837
     0.12089    0.0159532   0.00960571     0.939833     0.833166    0.0045138  0.000629385
  -0.0538878      0.97103    0.0254083    0.0210637    -0.419758    0.0130403     0.123493
   0.0339896    0.0216853     0.966016  -0.00453661    0.0712792   0.00485901  0.000546847
    0.113795    0.0104526    -0.011924     0.960896     0.586108  -0.00414464   0.00231038
   0.0540201      0.97949    0.0129508   -0.0268973      1.02795     0.161644     0.128177
    0.114356    0.0449455      0.96111   -0.0586997      1.15697  -0.00118769  0.000349262
    0.202176    0.0413255    -0.014711     0.892827      1.55546   -0.0139263  -0.00354187
   -0.124881     0.943344    0.0462015    0.0785459    -0.854717   0.00685649      0.12732
   -0.159677    0.0112826     0.964442    0.0965261     -1.37347    0.0108974  0.000702651
    0.174847    0.0300846   -0.0152091     0.899097     0.551974  -0.00441536  -0.00251051
   0.0473245     0.975648   0.00869859   -0.0136084     0.813012  -0.00284966     0.129948
   0.0117635   0.00844623     0.980525  -0.00640689     0.212006   0.00109048  -0.00247502
   0.0731291   -0.0079531  -0.00562295     0.966722      1.01217  -0.00683783  -0.00332887
 -0.00341618     0.938265    0.0553918 -2.77958e-05     0.402852  -0.00639661     0.129833
   0.0329415    0.0641104     0.927065  -0.00295019    -0.368412  -0.00228944 -0.000559875
   0.0718942    0.0311271   -0.0508343     0.975209      1.08451  -0.00847548  0.000767982
  0.00942796      0.97413    0.0187863   0.00847713    -0.369512  -0.00283988     0.130188
  0.00696401    0.0166194     0.977908  -0.00540111   -0.0478159   0.00447109  3.01132e-05
  -0.0191444   0.00441401   0.00104899      0.88617     0.160331   0.00192322  0.000460456
    0.223108     0.919776    0.0590478   -0.0828439      1.10572    -0.012225     0.129998
    0.221166  -0.00231774     0.968896   -0.0690133      1.52561   -0.0170953  -0.00087898
    0.253017    -0.031813    0.0452656     0.885285      0.90188  -0.00453508  -0.00128281
 -0.00164075     0.948636    0.0995883  -0.00299891      0.47865  -0.00184418     0.127537
   0.0288886     0.121496     0.529884    0.0100929    0.0273916   0.00562937  -0.00220551
 0.000281315  -0.00357948    0.0147453     0.963938   -0.0603399   0.00057466 -0.000317831
 -0.00916258     0.984957   0.00706928    0.0109633    0.0953315     0.143877     0.131255
-0.000343112   0.00617602      0.98723  -0.00652323     0.278082  -0.00270783  -0.00125339
   0.0570225    0.0252805 -0.000677379     0.922129      1.37872   0.00597387  2.98557e-06
     0.14149     0.941662    0.0468239   -0.0326336     0.891864   0.00454577     0.127807
    0.244589    0.0784814     0.912574   -0.0544547      1.17271   0.00313085 -0.000865697
    0.335875     0.021517   -0.0285403     0.923721      1.39865     0.011352  -0.00130634
   0.0384588     0.952574 -0.000220308    0.0109593      1.07962  -0.00113269      0.13098
     0.03724  -0.00830724     0.959444    0.0108936      1.25249  0.000853176 -0.000589866
   0.0166107  0.000813717    0.0080037     0.950788      1.19036    0.0110382   0.00270593
    0.153573       0.9666   -0.0265483    -0.014167      1.65533      0.01949     0.132142
    0.127325     0.010064     0.938293   -0.0199278      1.08215   0.00841659 -0.000958296
   0.0872068   0.00922475    -0.018348     0.965569     0.529542    0.0046563  -0.00294093
     0.20258     0.894651  -0.00317249  -0.00694239     0.648235  -0.00435424     0.123949
    0.396452    0.0327455     0.866932   -0.0351905     0.927827   0.00497155   0.00180193
    0.491423    0.0113112   -0.0920907     0.899196      1.45018   0.00798703   -0.0011438
    0.140645     0.976687   -0.0075153   -0.0336984      1.03654   0.00581022     0.127992
    0.134668   -0.0109921      0.98187   -0.0387965      0.93343   0.00866685  -0.00738615
     0.33729  -0.00841112  -0.00296964     0.878695      2.00868    0.0207977  -0.00189219
   0.0768426     0.976438  -0.00482283   -0.0148148     0.956128     0.142762     0.130509
     0.12907   0.00695509     0.950972   -0.0198037       1.1463   0.00706814   0.00345159
     0.17402     0.011505   -0.0180285     0.932773      1.40003  0.000480797   -0.0042093
  -0.0373693     0.898918    0.0791567    0.0211545     0.364749   0.00701038     0.124696
    0.105017     0.107774     0.863573  -0.00494913      0.18064   0.00180861 -0.000762402
     0.20221    0.0636774   -0.0111014     0.866258      0.48884   0.00266991   0.00328432
   0.0356106     0.943363     0.019642    0.0270968    -0.206882   0.00378391     0.130359
   0.0189639    0.0226139     0.966041   -0.0064961     0.202255  -0.00136477 -4.29617e-05
   0.0906385  -0.00837382   -0.0124251     0.965001      1.14768   0.00540937  -0.00428529
   0.0902518     0.924454    0.0719212    -0.025163     0.836262   0.00367525        0.129
    0.105731    0.0495188     0.912462   -0.0405323       1.4137   0.00768887  3.29401e-05
    0.186004  -0.00927555     0.027649      0.90049      1.51156  -0.00199526   0.00181035
    0.108501     0.876741    0.0832385   -0.0147263      1.01524   0.00625633     0.130095
   0.0474394     0.061067      0.93347   -0.0146104     0.856803  4.93027e-05   0.00108289
      0.1361   -0.0120267    0.0172406     0.941032      1.31436   0.00509434  0.000438862
   0.0190715     0.838698     0.133772     0.016816     0.410413   0.00268915     0.124896
    0.083806     0.141432     0.873509   -0.0577433     0.393597   0.00207614  -0.00378484
    0.275541    0.0695204   -0.0364126       0.8445     0.687906   0.00527205   0.00116557
Gamma avg
 0.0443029
  0.110156
 0.0842686
  0.106944
 0.0910745
  0.145659
  0.183183
  0.155484
  0.054067
 0.0688348
 0.0701496
 0.0659664
 0.0288785
 0.0673102
 0.0547653
 0.0324372
 0.0572703
 0.0524526
 0.0680386
 0.0483473
 0.0711256
 0.0238266
 0.0381417
 0.0526455
  0.077525
0.00902517
 0.0558456
 0.0732137
 0.0854304
 0.0376916
  0.071413
   0.04847
 0.0337025
 0.0539161
 0.0729348
 0.0576889
  0.047461
 0.0803521
 0.0258312
 0.0392845
 0.0454482
  0.042105
 0.0605373
 0.0368217
 0.0300247
 0.0484669
 0.0618929
 0.0624941
 0.0580538
  0.070953
 0.0333717
 0.0496329
 0.0793332
 0.0446185
 0.0728254
  0.080425
 0.0569758
 0.0656504
 0.0732503
  0.062113
 0.0660864
 0.0683033
 0.0769315
 0.0498479
 0.0670338
 0.0643258
 0.0801754
 0.0462691
Factor Variance
1 1 1 1 1 1 1 1 1 1 1 1 1 1 1 1 1 1 1 1 1 1 1 1 1 1 1 1 1 1 1 1 1 1 1 1 1 1 1 1 1 1 1 1 1 1 1 1 1 1 1 1 1 1 1 1 1 1 1 1 1 1 1 1 1 1 1 1
OM Variance
0.337136 0.337825 0.347586  0.33204 0.331855 0.354936 0.339631 0.341715 0.344745 0.338919 0.340508 0.360469 0.345447 0.342865 0.345265 0.328971 0.326701 0.339322 0.335305 0.341176 0.334426 0.337051 0.332646  0.33096 0.331787 0.333649   0.3337 0.329798 0.335439   0.3432 0.337942 0.336966 0.334678 0.342011 0.332022 0.333209 0.334103 0.334075  0.34294 0.325899 0.326925 0.331858 0.326977 0.331586  0.32968 0.332965 0.329429 0.334105 0.333079 0.332249 0.339311 0.330133 0.328831 0.334379 0.324508 0.326742 0.334796 0.339288 0.344322 0.348679 0.329059 0.331141 0.338743 0.336243 0.333944  0.34726 0.331145 0.330899 0.333038 0.323955 0.327254   0.3282  0.32653   0.3306  0.33321 0.330952 0.328395  0.33401 0.324583 0.329085 0.330776 0.330623 0.327639 0.332713  0.32986 0.333035 0.333523 0.330376 0.326108 0.330005 0.331424 0.328376 0.333124 0.326022 0.326746  0.33191 0.327997 0.334835 0.332422 0.330662 0.335963 0.337685 0.332074 0.332639 0.329632 0.335184 0.330603 0.340882 0.329906 0.327841  0.33182 0.326675 0.329477 0.330162 0.328544 0.329866 0.330531 0.337175 0.331314 0.332479 0.329683 0.331679 0.332755 0.344755 0.349048 0.356273 0.343507 0.345142 0.338977  0.34497 0.343057 0.349188  0.34192 0.338457 0.348261 0.342948 0.341159 0.341906 0.344499  0.34958 0.342283 0.336074 0.336381 0.334563 0.341801  0.34331 0.359346 0.340065 0.344904 0.352098 0.350933 0.351084 0.348123 0.356557 0.346591 0.341143 0.335492 0.337538 0.345505 0.348395 0.348437 0.370622 0.346684 0.350034 0.353732 0.332902 0.332936 0.334996 0.342576 0.340198 0.347409 0.344669 0.349283 0.352315 0.348479 0.341129 0.352718 0.336527 0.332864 0.336238
Marginal Likelihood: -4147.7
../timebreaks/yt_1980_end.csv
../timebreaks/Xt_1980_end.csv
./tb
