Full Conditional Version run with: 100 burnin 10
Beta avg
0.938376  1.01603 0.761591
0.812764 0.851376  0.89425
0.570049  1.02256  1.00174
0.777495  1.14575 0.669051
0.758422  1.13064 0.919222
0.575336  1.06133  1.04684
0.802921  1.12267  1.06795
0.662054  1.34853 0.897648
0.943719 0.912185 0.717427
0.881109  1.12683  1.17581
 0.62958  1.01103 0.875754
 0.64132 0.937127 0.790542
0.978542 0.929172 0.686119
0.904357  1.26805 0.738093
0.750262 0.737849 0.967652
0.703389 0.932364  0.83504
0.793565 0.967861 0.769748
0.607463  1.31694 0.698127
0.871805 0.935333 0.789243
0.905375 0.872986 0.893267
Gamma avg
0.508992
Factor Variance
1
OM Variance
 2.03529  0.89785 0.933854  1.00053 0.993696  1.03786 0.914976  1.39125  1.07522  1.33231  1.11064  1.06464 0.948017  1.10893  1.19777  0.92625 0.779127   1.4169  1.15634 0.854217
Likelihood -1326.78
Prior factor -75.6544
Priors -139.57
Conditional of factors -1425.49
Posteriors 63.9051
Marginal Likelihood: -1628.96
