1 1.755445 5.981566 8.722737 2
3.318613 4.206124 6.7826 3 5.162102
41.19082 44.59021 4 2.573193 46.20802
47.83049 5 9.427908 48.34884 55.06689
6 9.07068 49.04911 55.69875 7
7.076601 5.007218 9.374754 8 9.647807
5.1656 12.69405 9 2.30978 28.16895
31.72054 10 4.145484 38.16507 42.5926
11 7.84346 18.22751 24.814 12
9.756864 31.44056 37.07921 13 7.489735
6.907916 12.23079 14 2.027587 14.76896
15.74211 15 6.544368 26.21317 31.34971
16 2.246255 2.013873 4.38789 17
6.282776 36.23078 41.52426 18 3.466501
36.95433 40.42794 19 7.949601 7.790104
11.12147 20 4.516625 37.6569 39.8517
21 7.202055 14.05319 20.26544 22
6.17468 10.4758 14.65131 23 9.323242
40.47284 47.14581 24 3.076173 12.42872
14.83821 25 6.932907 11.25599 15.64859
26 7.137592 21.73454 27.01316 27
4.683148 47.02766 53.3962 28 6.71691
42.10271 46.76921 29 1.180899 6.665755
7.496606 30 9.162104 8.851389 15.12496
31 7.413177 40.08906 46.27753 32
4.406332 22.95791 26.74443 33 7.412615
19.8884 24.73483 34 7.200855 28.36688
34.04533 35 8.816691 3.240688 9.991475
36 7.900502 21.59604 28.16636 37
9.815401 0.4227998 6.077648 38 1.394254
22.89699 23.50892 39 3.963852 47.23997
49.93683 40 3.910191 42.68341 47.45519
41 1.44078 3.007727 8.095977 42
9.349088 34.86837 43.38305 43 5.123022
2.85633 6.128162 44 7.5574 28.70114
33.69528 45 2.015115 36.37283 39.47442
46 8.056298 37.46979 42.42976 47
5.012499 36.3152 40.9931 48 2.16431
40.96892 42.55387 49 9.145375 18.26162
23.82929 50 1.416644 5.712079 7.07747
51 2.493674 8.434324 12.36822 52
1.231232 16.97317 18.18628 53 9.390647
43.40592 56.2644 54 2.0299 40.16205
44.47566 55 8.170357 24.09273 32.83993
56 2.025409 12.69794 16.05939 57
3.881089 0.4570033 4.431359 58 1.754041
46.14953 48.77159 59 9.358854 25.75732
38.25138 60 3.183883 38.5825 42.40072
61 9.079839 11.80712 23.46955 62
3.502459 3.514717 9.453619 63 8.789498
34.68022 45.92952 64 8.893891 46.21658
59.40697 65 1.890141 18.60002 21.19387
66 7.603157 25.08739 34.31874 67
5.616444 30.54694 37.77618 68 2.108509
36.36267 39.82255 69 7.628378 18.77155
29.50804 70 3.620958 48.413 53.90802
71 9.008005 1.243739 11.78776 72
4.559782 20.13979 25.31717 73 1.881053
37.15034 40.69496 74 5.302695 7.839838
14.68612 75 2.608062 37.03397 40.67562
76 5.712011 39.04926 46.17039 77
1.339197 40.55718 43.18652 78 1.856191
19.48518 22.73915 79 5.752348 18.03203
26.31529 80 6.627736 29.07265 37.70748
81 6.454842 44.52414 52.49359 82
9.322877 45.416 58.24344 83 1.579396
28.64004 30.4611 84 3.800151 15.96259
20.46993 85 6.207894 3.711019 10.14123
86 4.815604 9.683188 16.88626 87
2.966017 39.30081 43.73957 88 7.644244
40.40602 50.96032 89 4.015276 48.82203
56.48423 90 7.272899 13.06128 23.56205
91 6.785425 29.14386 36.11167 92
5.535119 26.00727 32.58424 93 6.96991
6.115572 17.06132 94 7.83867 45.73039
54.57673 95 4.149305 19.31014 23.95429
96 5.130526 12.69068 18.09874 97
4.519062 30.42125 37.77695 98 1.415109
39.02951 40.34499 99 8.313485 22.85449
32.8939 100 5.037477 23.81675 29.81588
