        -1          5          3
   3.16986 -0.0372543 -0.0863864
  0.960437   -3.37403   0.958878
   4.10023   -2.97305     2.3458
  0.479476   -3.24262   -0.84058
  0.346354      -2.23  -0.562088
  -1.24132  -0.348886   0.518023
  -1.59358   -1.50401     1.6123
   3.08564    1.26059    1.08871
 -0.106812  -0.342634   -1.11134
  0.406244   0.202236   -1.65444
  0.518258  -0.862647   0.808562
   3.84056   -3.94682    2.55354
  -0.77389   -5.92202   0.635722
 -0.493533    -7.0818     2.7987
   1.81451   -2.42851    3.77449
  0.524327   -3.45709  0.0428581
  0.832827   -1.79129    2.50622
 -0.730762   -3.36102   -4.60551
  0.135758    2.96569   0.361068
  -3.79844  -0.289834    -2.6056
  -1.46877    5.10528    1.59903
  -3.21783    2.49592    -2.2213
  -2.65858 -0.0658848    1.01525
    -0.512   0.971596       1.29
   1.51633  -0.983579    1.37365
   2.53951    1.15218   0.263465
  -2.84849   -1.41005   -3.67325
    -2.011   0.185476 -0.0566573
  -1.61629    1.85436   -2.51135
  -3.13822    5.96407   -3.23961
   -5.2257    3.87959    -2.5747
  -3.61647    4.00177   -0.63482
  -2.08678    3.82903    2.71864
  -2.99139   0.705149  -0.154491
  0.836934   0.851128    2.85458
  -0.38056  -0.605188   -1.88355
   1.73929  -0.703476    0.10469
    0.8396   0.194855   -1.79233
  -0.97473   0.302411   0.640103
   -0.1006   -2.02322     1.0404
   3.36087   -1.27168    3.86759
   2.79825  -0.673245   -1.41728
   1.12881   -3.70414   -1.64338
   1.66443   -3.17264   -3.88259
   1.14169   0.553898    1.36887
   4.41595   -1.95209 -0.0309175
 -0.623009   -4.51709   -2.09794
  -1.07611   -3.02375    1.81627
 -0.595699   -5.53006  0.0356729
   1.58369   -2.81262  -0.463391
 -0.572739   -3.04765   -1.32238
 -0.778903   0.780117  -0.824883
  -4.77489    1.63066     2.2015
  -2.63503   -1.10199  -0.157341
 -0.600022   0.266746    1.14049
  -1.22864   0.433978   0.777278
   1.34573   -0.42833   -1.36117
 -0.677631  -0.593638   -3.23906
  -2.24083  0.0914876  -0.145084
  -1.02314  -0.905501    2.00173
    1.5902  -0.325553  -0.177472
  -1.79887   -1.72213   -1.23281
  -3.14342   -3.42667    6.43364
   3.80094   -6.13932    1.99532
   1.63091   -3.78775   0.618425
  -0.70284    -5.0232   -1.85933
   2.60798   -3.93338    1.80804
   2.57318   -4.26006     2.3811
   1.17367   -6.57875  -0.220599
  0.944121   -4.86369    4.07774
   1.68327   -5.12334     1.9511
   2.03682   -5.37455  -0.740794
   3.95401   -3.21864   -0.49313
   2.89816    -3.7455     2.2277
   7.78965   -3.02444  -0.359514
   2.52279   -2.82719   -1.59845
  -2.28664    -3.5367     1.6379
   1.43433   -3.87121 -0.0672097
  0.750757   -4.89074  -0.903863
   1.35947  -0.716038    1.17054
    1.9076  -0.244324   0.726391
  -1.42697   -3.09376     1.1425
  -1.07916   -2.53333     1.2218
   2.17674   -1.50604   -4.37433
   2.29168    2.25513   -3.16227
  -1.53382   0.497921   0.575619
 -0.936283  -0.817777   0.206297
  -1.96626   0.842217   -1.48582
  -1.23573    2.27775   -3.18895
  -2.87494    2.57536  -0.953438
  -1.04598    4.06182  -0.663623
   -1.5334    2.40621  -0.172809
  -6.41364    1.12062    1.65032
  -1.59554    3.18508    1.05199
 -0.675542   0.638772   -2.44256
  -2.63359   -0.20883   -1.33368
  -3.98822    1.49593    2.10477
  -3.69913    1.65799    1.29516
  0.173282   0.290349  -0.696547